00100000000000000000000000000001000000000000000000001000000000000010000000000000000000000000000111100000001101111111111111111111
00100000000000000000000000000001110110100011100111101111001110010010000000000000000000000000000101001010000000001000010000000100
00100000000000000000000000100001000000000000000000001000000000000010000000000000000000000010000111100000001101000000000000000000
00100000000000000000000000100001001011111010011100011111001110010010000000000000000000000010000101001010000000001000010000000100
00100000000000000000000010000001000000000000000000001000000000000010000000000000000000001000000111100000001101000000000000000000
00100000000000000000000010000001000111011001110110011011001110010010000000000000000000001000000101001010000000001000010000000100
00100000000000000000000010100001000000000000000000001000000000000010000000000000000000001010000111100000001101000000000000000000
00100000000000000000000010100001000100111101101111000011001110010010000000000000000000001010000101001010000000001000010000000100
00100000000000000000001000000001000000000000000000001000000000000010000000000000000000100000000111100000001101000000000000000000
00100000000000000000001000000001000010111100100001011111001110010010000000000000000000100000000101001010000000001000010000000100
00100000000000000000001000100001000000000000000000001000000000000010000000000000000000100010000111100000001101111111111111111111
00100000000000000000001000100001111001001100100001011011001110010010000000000000000000100010000101001010000000001000010000000100
00100000000000000000001010000001000000000000000000001000000000000010000000000000000000101000000111100000001101111111111111111111
00100000000000000000001010000001111111000001010100101111001110010010000000000000000000101000000101001010000000001000010000000100
00100000000000000000001010100001000000000000000000001000000000000010000000000000000000101010000111100000001101111111111111111111
00100000000000000000001010100001110100111001000101111111001110010010000000000000000000101010000101001010000000001000010000000100
00100000000000000000100000000001000000000000000000001000000000000010000000000000000010000000000111100000001101000000000000000000
00100000000000000000100000000001000101011010101101010111001110010010000000000000000010000000000101001010000000001000010000000100
00100000000000000000100000100001000000000000000000001000000000000010000000000000000010000010000111100000001101000000000000000000
00100000000000000000100000100001000101011101011100100011001110010010000000000000000010000010000101001010000000001000000000000100
00100000000000000000111111110010000000000000000000000000000000000010000000000000000000000000001100000000000000000000000000000000
11111111111111000000000010010100010000100000000000000111111111110000000000000000000000000000000000000000000000000000000000000000
01100000010000000010000100000000000000000000000000000000000000000110000010000000000010000000000000000000110000000001100000010011
01100000110000001100000000000000000000000000000000011000000000000110000100000000000000000110000000000000000000000000000010011001
01100001010000000000000000000000000000000000000000000000011001100110000000000000000011000000000000000011000000001000000100000000
01100000010000000010000100000000000000000000000000000000000000000110000010000000000010000000000000000000110000000001100000010011
01100000110000000000000000000000000000001100000000011000000100110110000100000000000000000000000000000000000000000000000000000001
01100001010000000000000000000000010100000010100000000000011001100110000000000000000000000000000000000000000000000110000100000000
01100100010000000010000010000000000000000000000000000000000000000110010010000010100000000000000001001111110000000100100000000000
01100100110000100100000000000000000000000000000001001000000000000110010100000000001001111110000000000000000000000000000000000001
01100101010000000000000000000000000000000000000000000000000101010110010000000000001001000000000000001001000000001000001100000000
01100100010000000010000010000000000000000000000000000000000000000110010010000010100000000000000001001111110000000100100000000000
01100100110000100100000000000000010011111100000001001000000000000110010100000000000000000000000000000000000000000000000000000001
01100101010000000000000000000000010100000010110010000000000101010110010000000000001001000000000000001001000000000110001100000000
01101000010000000100000100000000000000000000000000000000000000000110100010000000000000100000000000000000000000000100100000000000
01101000110000100100000000000000000000000000000001001000000000000110100100000000000000000000000000000000000000000000000000000001
01101001010000000000000000000000000000000101001010000000011001100110100000000000001001000000000000001001000000001010011000000000
01101000010000000100000100000000000000000000000000000000000000000110100010000000000000100000000000000000000000000100100000000000
01101000110000011100000000000000000000000000000001111000000000000110100100000000000000000000000000000000000000000000000000000001
01101001010000000000000000000000000000000000000000000000011001100110100000000000000111000000000000000111000000001100011000000000