10101010111010001111010101101111010100110000110100011000000110010111001100101110101110111010010000011000011000110100101011011101
01000110101101101010001000110010100101001100010100110011011001100110101110011100100111001110101101100111110101000011011101011011
00101100101000011001010110100001100011001101100100110100111011011001010110110000100011000111111010111000111100101011011011010011
10011001010010100000001110000011001101010110010111001101000110111111011010000001001001101000010010010100001110011101010110001101
00100111010110100101011011010101010101011110101101101111101010111101011010110101000101000001110011101111101010000010011000101110
01001001100001111111000001000111001100111101010100011101111111011101010101100001010000100001100011101010001101010111001110110000
10101110100001110110001111001010010000101101110011101000000011000000100000111101111000001011001000101010110011011111110100011010
00100100000010010001001001110101111101111001101010001100011011011111011100001110101101110011010111011010001000111101111101000001
11010100010110010011100100101111011111101001010001010111000111000101110000000011001001111001010010010100000011010110000101101101
10110110101110010010101011001100111101010011100010110111110001100111100000110000111100001001011100010101001011011011010001100111
10001011100001110110111001001101100000110110100001011011100011001101011011101101011110101110010110100100110111101001100001101011
10100010001110011001100100000101000100010111010001111101111000111100000010110111100111110110001111111011001111001111010111011110
10100001011101000010010010001111110000111100010100010100011010011001110001001010001001100011010100111111110001011110000011100001
01000001100010001111110010111011011111100100000010111011000010001101110011101001110000111110111101110010000011100000001100111000
01100010111101000110110111011000000000001000100111111001100011101110101011000110011001101001000100111000101101001100000110001001
01011111101000110011010010110011001011000100110011010011110010011100010110110100000101110101111100001010101001111110100110110001
10100000000100110001001010010010111101000000010100011100000110100010000000101001010001010011101101111010011101101101000000110000
11101011000110110001111010110111001001011110011011111001111110101011100111011110111110101110110101000010110111111110001010100011
01001100101001111110010001000110110010111011010111111001101001110110010010010111110000011111001110010010101011111101101000100000
00001100001100011001010001000110010010001010101111110101001000111000111011010101011100001110100010010010110000100100010000111010
00000101001111011011101011010001011001000010000111001110000001110101000011110110001100100000010000000010000000100101011101111001
11010100110011111110110101000010000111101011010100001000000000100011001001010010000111000110011110000011111000010100001010110010
10110010010010101100001101101001101010110101001011110111110111001111011011110111000101001111000101000001110000110000101001010101
00100110011101100000010001100101111010000001010110010110110000111000110010111100011000011001011010001001100111101111100000000001
01110111100000010101100001010100000110001001110000111000110111110111110000110100110010101001000010100000110110011010011100010001
11100011001100000101111111010001100000100111110001001110011101001001111010101001100110100010111110100000101101101110011110011111
00011010111110111001100110011001000011010101001100101011100000110100001000101001111100000000100001110110110101001000000100111000
00110101000011100100001111100110111101111011011100001100100000100110100011111111111101101111000001110111101010001100010001000001
11110011111000001100001010111011010101001000010010010111111100111011010111001000110110001110010010110010010000100100001000100110
01110011111001110101000011001011101110100101011001011110001011001100100010010110101111010011100110111110000011010111101010110011
10101100011010110000011100101110011010001111101010100010010101110101001000101010001000101011010011000011100001110100010000000000
01100110010100100011110110011100000100101101000101000011000011111110101000101010000100001000101101010000000110101001010010011101
00000100001001011000010001111110000001100101011011111110100010000111001001011111101110100011000011001001100101011100100000101111
10000010110010011011100001101011110100001001100101101111101011110111110010101110101011100101100001101011111010001010100101001011
00010100111110111100110111001101111001000101110010010100010101000101000110111101011000011001001110100010100010010100101110100101
01100100111001001001101000110011100010100100000010111111100001101101111111001001100110111001011100101101000010101110111100001000
00110111101110111000111111010000000101000011111000010001001111011001111000101010110011101110101110000101010011011010001011111110
11001000100111101110100100000000011110101000100011010001100110000001011010100010101101110000110000000100011110010111010110000001
00011101110001010100101100111011101001100101001110101011110110110011110001000111101110101101010010000010011110010011100001100011
11110001101101110010001111101011111110111100000010101000001100001010011101001010001000101111101110110000110001010011001000101001
01111100000001001100110111010001000100001001000001101001101001110001011101011110110000111110001001100001011101101001110111001100
01111001011110100100010000110101011010100000011100000101110100100100100000111011110001111101100001001011110110000100001000111100
00111010001101000001111000001101111010101110011110111001000010100010100110001001001101100100010101111001101101111011111000011111
00100001101101111000100011110110110010001100100100011001111101010011010010001010000101100110101101111111010111011011111000010110
10010110110010011010111010111111110100100001000010111010001000010011110000111010011001001111100110111000100011011111011011100010
10001011101111001100011100101110100001110100000110110001111000100011011111000110101100101101001011011111011011010010100011011010
10001000000101001100010111010010110110111011101100011000111010100011001101011000010011001010010110101110000100000000101100000010
01000011001100010000100010011011011011010111010010111110011000100001001001000001111110010001001101100000010010011111010111110100
11010101011011110110001000101011001100110011110000010111110110011110100101000100110011001110010111100100110011000000011011010111
11010000111100110001000101000101011100001111100011110001100101011111011000110111010000011001110000011000101011101011101000111011
00010000000111101000010001001000100101110001011010100100110111111100111111001011110100100110001100010101111001010010100011101110
10011011111011001110000110101011101011101100001110110100001011011000101101111111010010111011100100101001010010001001101001111101
00000111011110000110110111011101001110111100111101010110000111101011110100100010101011001011011001100101011010010010111010011111
11101101010101001011110011011001101101001010011001100100000100110111100011100000110101000101000001101100001001111001010101111100
11111101001101011100001101100010110110010100010000011100001010011111010010011101001110111100101111100010111010110010000010111101
10110010100010001110000111101101110101100100001100101111010110001101100001110110000110001011000000110101111111001111110000111110
11111100011010100010010000010011011110101100111101110111010011111011011101111010111000101010000011000010101011101101010011011011
01001000000010101100101110101010011111101000010101000001111110011101110110001010011000100101010000000111110101111111111000001101
11001101111101001010101001100111010110111001100011010000100001110001111101101101011100110101100101000011101111101101111101111110
01110110001101011101000110100111001000101111001101100011010011001110101110101001011011011001001011111011010110011010000110101111
00011001001010111011100110010010110100110111000010000010101010101100101100001010001101001111110000000010000000001111110000011010
01101011111101100000000100000111100111101000110111010010011011011001001001000010001000000000011000001110101110011111100010110010
01000110000110100001110010011100001111110101000101010010001100101001010111001001110111111101101111110101001101111110101111110101
11101110000110001010100000010111100000100001111000111101100011001100010011100010000011111011101000011001001111101010111000011101
01111010010101001010101110110010100010011111000001000110111101111000110111100011101001011001111011111011000110000101011110011101
11110000000101001101100110111000100110001100000010111000011011111010100100110011100001101011011101000111100100011101110011110001
01001110000000000010000100110111100001100101001010001001010010011100110000011110100100001110101101001010010101101000101001010001
00111010010001110000010110110001001100100001000101111000000100001110010000000010100100111100100011110110001001101101100111011011
00101111010011010110111100010101100000111111000111101011101101100001011001001010100010011110100110101010100101101001111111111001
00010010010110110101101101000111011010111100101010001000010010110101011011101011100001001100100010000010000011010001100110011011
11101110111110100100010101000110100111101011000001100011111001010111001010100010010001000011111010001010100001110011101100100111
01011001011111000001010111111011101000000001000111111111000100111000001010110011010010011101110011101001111001101101001101100000
10100101001110011000001101101000100100011010010110101011101011101011000001000010011010010101111100000011111001011111100011100010
11100011011011111000100011001111010001011010000001101010000101110101101011100001000000111011001010110001011111101101010111100011
11000011000100011010101010111000011100101001101001111011101101001100111101001110100100010100001100110000010100000101110001010000
10000100010111111011111101101100000110011101100011000010111010010101110011001100110010011100011011111001011111000001100111001111
00011111000101010001101110011100100110101001100000100001011111111010111101001110010100010001100100011010101010100100001000111010
00100010011011111000001101010011101011011010110110011110010000001000101111011011110101111101011001111010000000101110110101111100
01010100101110111001000000001111000111101011110110111110101100101101100100100101100001000001011100011011101011010011101000110101
01000100001110010010000111010101010001101011010000111111001101010111001011111000000001010110100011100100001011110000000101001111
10010011001101000100001011100000011011010100111111000100010101010000011000100010011011100100011110111110111110110001010111010111
10101010001100111000001001010100000010010000110010001111110110101100111110111010010001000111000001001101110000010111001001001101
10110011110001101010001100011100111101101110111110110011001000101011011100000110111010111111010110100101110101001100011101011111
00111110101000001000101000111111001010111010001110110100100001111101100101001001011001100001001100011001010001011110000111011011
00100001111010101010011111010000000101101010010010010010100011111001100110001110101011011110001101111111001110000000000100000010
10000111011110000011111011111010110110101111100110110110011011001000110101100100101101110001101101101110000111100010001101010110
11000010110100111100110001001001001110100100101100111110000011111001111111010010100011001110100000100001010000101000001100010000
10101101100011011010010111000110001011100101010000101000101110011111011010010001111111110110100000000011010001011110110010011011
01001100011110100000100001011011000011111110111100111101110110110110011011110110110001001101010101101110011000110011000111010110
11110100101110111010110110001011000011001100010100100100000000111011001101010100101101111111110010100101110110111011011010010100
11111001010100100110110100101000110011011000100101001101011101011110010111110111000110111011011010100110010111001111110000000010
10110110100100101011010011001011010001000010100011000001110100100110111011011010000111110011110011000001110110000001000111110100
11100010001001100001110100001010011111100000111000010101101000010010011011111010001101010101010011001000011010000010110100001101
10101010000010000100000101111011001011101111101011000101110001110101000001010100010110010101011111101000101110111100001011000010
10100111001011001010010101000111011110111011011000101100110100110001001101111111001110111100011001101010111011010100010000110111
11101011111011001100110001010111110100101101111010110011001000111111110100000000001111101011011101110011000101110110110110110010
11010010000000001100011110011100100001001100110100100111010001001011011111001100010001101001011111001110110101011111101111000011
10110111000000111010001011001011100110111011101000001110000001101001010001000100001011111011110100101011100101011101011001001011
01010010110000000100010010101001101111101000010010111011001011001001011101010110011010101101101001000110001011101111000001011111
10101111000010101011101001010000110100001101011100100100110000101111110110001011111011011101110110100011111110100011011011100000
11101010101111011111011010000110011111000101100101000010101011100101001110001010101111101100111111101011011101110000001111000011
11001011101011111011010100011110000010000110101011110110110101011110111110111110001000110000001101100001101000111101101101101100
11000100000001100111011000100000111110110001010011100111110000100101011011101001001000101000101001110011100000100000110101001110
01011011001101011010011001111100101011111100110000111010000101101011110100001000011110100000100110111010111011010011101000111000
01110011100011100111100110111001001001010111101001000110110111010011110110010111001010011001011111110100101001001000001100101001
00001111001000110000111101101000111101101000000001000000110111110100111101100100001011100001100111010000000111011010100000100011
10001011110010101110001011101110111111110101010110111100111010100111110011111101100101001011011010011101100110110110011100101010
00110010011001111100000001010000110111011001000010001001011110110001101101001101110001110101110110100011100100000001001100111101
10001111101000010110000001110101001011101001010110101100111100000010001110000111001000100001010001010010100000010011010010101001
10101010001001101010001111111001010101001011001011110001000000100111111100111000000000000000000100001111100101111001010000010101
11111111101101101111010100110010110100001101110000100111000000111011110110010011001000010011100010110110000010010101100101100111
11110010010010100010011111101000110000111000010000011100011110010011010010111100100110111101100110010011110110011111111100001111
10000011111010000111110000000010010001010000110100101111100001110111000011010110110110111100011001101101111011010100001001000010
01000101110101111010111110101110101111000111100011100111110110100011000111110011101111001111101110101000101100001101011000001111
01001111110010000000010000111000010000100000011110011011011010010010100100000000011010110100000001011111100101001010011011100110
00010110100110111011000111100001001001011101011000110001110001011011011001011110100011110010110101000100011011011110010100011010
00011010000000101100011001111010110101000111111100110111011100010010010001001111010111010111001001011110111101111101111101000101
10001110100000001101101110101100010100111000101110010000010011101011110100000101011000110010010001101010010011111111001010000101
11100011010100001101001010100101110000101011111000001011110101110001101101100011101011100001101111111001010011000111110110011100
10000100000001111001010001111111000010101000010011111000000010100001111000100100011011000100111001011101100001011011001000011001
10111100011001111111001001101010011011100010000000011000001110100101001111101001101101000011101011101111000110001011111011100111
11011110110010111110111100110111110110001001000001010100111001111100000001010101101011000111101111011010100100111001111101010100
11111001110000000101000001000111001011000101101011001110001100000000001010011100110001010001110111000011011010110110111011101000
00111111111101101000110100011101001010111111110111010001001111101011010110010110111011000100000000000000110111001111000000001000
00001100101101100111100011100000100100111100011101000100010000101110011010100101010000011100011010101110011011010001001101110011
11010000110010000000001110001111110010110001001100010110110100000111111011001001100100011001010111101101000011001101110010001010
01101011111000110101110111100011011000100000011000001101100100011110101110010000011010110100100001101110010111100011000001101001
11110101010001111000011111011101000111100100101101000011110110001011111110100111101000110011101100110111000011111111000110011011
10100001011100001111100111101011110101100111111010110000100100000100001010001111001110101000010001011110111111000010001101010101
11100000100100000101101001111010100001100101101101010000010010000000101001000010010110000110000011110101000111010111110111110001
10010111111001111001010110101000111100110001001111100001100110011000111010001101100010000000111011111110100100000111011000001001
10110101000010100010111001001011101100110101011000011001011110011101100010010011010101111000101100011110100110011011101011100010
01011100111000011101001010010100100100110010011000101110011100010101101010101100110111110110010001001001110111000011111011100100
11010101011011011101001010101110010110011111011101110001010111010101010100010001100110010101000010111000010111101010000110111001
10001000011110110011101101110101110000000011100010110110111000001010100110110010010001011111011100111000001000100100011101100100
00111000010010000101101110000111101011111100110011110111001110110010110110000000000101111000100011010100100110100000010101101011
10011010110111000110101010101100100111100101101110001011001000011001011111010111010100101000000111000111010010110001010010011110
01010111100000101111111100110111100101011100010010111000100110010100000010010101010110011101011110110100110110001010100000001011
10100011001011110011111011101011010101110111001101000010101111110011111010110111110110001110001110010101001110111101100110001001
00100101000010101111101111101010011010110001100100001010101111110101000101000111001100101100110000101111001001000111001101000011
10001100101010010010001001110100010110110101111011111001100011001110001100010001010100010101001010111110100010001001100110010010
01111100100100101000101110101101001111111000111011110010101010100110100101011111110100000111000101010011011100011100110010000100
11001011010111111111000100000011101101001000010001010010110100010001001101011011000100010000111001001001010001010001111000111000
01100111111100100011111110101110110001110000111011010111111011001011101010111010000000000000111000101101010010110100001100110000
00100000101011111000111001001001110000111001101110111111111001110101101110111001100100001101001011100001000001100101100011011100
10101011011000101111111000100100011010100001001001011101100110001100010001110011010101110001110010000000010100010111001111011101
11100001011001110001111001111000010000000010110010101011111111100110101101000101100010111100110000100011001000001001000101110101
01110111100000011101011010100001011111100010000000111111111000011111101011011101101111011110111001111111001101000000111110110011
10101111101010000000111101100100110100000100101000110111100111010101101010111110100001000111000000110000000111001101011010000110
11011011100000001010101100101001010111111001010011000001000111011011011101001111101000101001011010000111100011101011101111001011
01011001110011100011110111100000001001110101100010111010100100100100101010100001100000100111001010100000001110101110101111111010
01010001001110110011011100111111010001000100101101011000010111100011110001101010101111100011000101101110100000010101110001110110
00101111100000111010001001110001111110011100101110100110011000001001011000000110100011000011011111100111110111100001100101000101
00111110001110000011011101000000100100011010111011111001101101100000111110010111000000111101110100001111110011000011111000100101
11110001011011111110011011100101001111110100011111011010000000111010101111001110011010010000111001111100110000111100000001010010
00110001010001100101001000100000100011001100000010001111000010010101000111111100101101010100001100111100011011101000000000111111
00110011110101110000001000001001000001010001000001010010010110000000000001011101001000110101001000000001011010001001010001001100
10111110011110010111010000011110011110010010000100011110101100000100011110110011101100010010110111011110101101101101001000100100
11000000101111011100101111101000011010001010001110110110101001111110000011110000001010011101001111101111000001001101000111110110
01010100010011000111110100111011111001101100010111111001011100111101100100110011110100110010011101010100010110111101010101101111
00010101110111011111011100001100000010011001101111100111010010010000010000111010111101010001011101001101101100100111111000111101
11111011000000000001011000000100011010001110000100001010001010001000110001100110011110111110000101111101100001100000000111001011
01000010111101011000101101000110011000010000010001011101100110011100110000100101011110110011101100110110010101110101010111001101
11011001000000101101101101101001000100101110111111010010100101000011111000001010000110010110101010001101011111001011010100011100
00010111100101011001001110010001010011000000000000001010001001101010011000110110100101000110001101001000101100011000001110100110
10011010001110100010000011111010110101001100011101110110010010101101100010000111111111101100011011110110000010000000100000111000
01011010001000001001101100010010100100011111101100111101011011101011010110110001011101111000101000011011111011011110110111100001
01100101110100001010101101110100011001011110101111011110001110111111100010111000000111011011001101100110001100000110110100101001
01000100011010101010101100000000110011100010000110100011000010000110010101011010010110001001010001000111100001000011010110010001
00011000010001100111011001101001101000110011001001111000110001011010000100100001010000101110100111100101110011000111000111010010
00100000100010001111101000101010010001011001101100010000110011010100110110000100011110111010100101111000001010101001101111111111
01000000111011100100100000000111010000011000110110011000110100111101110111001100111010101110100010000000100100011100011000101011
01010010110100001000010000011110111111011110000010011100101010110110001001111111010111011100001001101101000101001111000011101001
00101010110010110101110001000010001010110001101000000101100000101001111111100101000101111101100001000101101011011100100010100000
11110101000010110011010010010101100110110010001011111100111110100010000010010011001100000110011111001111110110100100010100000111
01000010101011011111111100010000111010011110001000011000001110100100001101011110111010001101101101000110111110101111010111000000
00100111111011100111110001001001011100001000010011111111110011100011110011100010110110001000001110110101100110101110011010111110
00000101101111000110100110101111100010101101100000111110101100001001000001010001100111111100111010111100010110101100111101110000
11010100011001110101011110001111111111000101100110010010001100101111111110110011010101101101011010000000011101110100010111101011
00110011000010101101010010110000110001001010101010011011001100111100111100111110100000110110010111001111000100001111011010110011
10110101111111101100001111110111110101100011110000101011111010011001000010110000101011011010101011000110000001010100100001000100
11010011111000000001111110101000101000011110111111100011100000010000011100101010010111010101010001110100110101101101000001001011
11010111010101000001010110101101010111110111101111001110010100010111011110011100011000100001100001000111101101100001000011011001
11100100110011001101100110000000110011001000011001100111101100101000011110100100110000101010001010011011001111001100000010001110
01000011001111001111000111001000101110001000001111010100001101001111100100001111010001101110110000100110011111010111011011011110
01101001001000000111001100001111111101000011011110101001111000011000101000110000111110101001000100111010010011010101010000111110
01001111010010000010001010110111101101100000011101111000111110010000110001010100011010010101010011010100000101010001100111010101
11100100100001011111011110010100101011001001010011101101100011110000111111000011010100101110011011011111101001111000001111100011
10111000101111001001010010110001010101010011001010100011001001111001010001001011100111011111101100000101001100011101010011000111
10101000010000010001001001101000110011001011010101010000111000101001010000000011100100111111110100111001001011110011101110101100
01010100101100100110011010110110000110111011100110000111000101111101010000001110011111011000010100010101011110000111001100110111
00010111100100001011010011100101101110111100101110100011011101011101001100000011110111011111110010000101011011100101000101011101
10000111101001110011010100100011100010101111010000101010111101001000101000010110111111000010000010000111101000000101110011000011
11000110101100010001110000101111100111100001101010110001101101101001111110100100100110111001110001100001110110010000001001001011
11111011101010011100010011111101001110000111011010101111011010100001010001010101000101001010001011100010100110010100101010010010
11010110011001110111111101001111100011011000100011011100011011001111111001101111000010111011010110111110101010110011101100101101
10111110111110000001101011110110101111001111101001100010011001100111110001100000000011100111111010101000011010010111011011101110
00101000001100011000101101100110001000110010110111010111110111000000100100000001000110110011011010110100001111000100010011101100
10010110000010101010110111110111100010000110001101001001010111011010001111100010001001111000110101010010001111011000010100001100
10100110000010001101110001011100011111100101110001101100001011111110001011101101101001010101100100000110101010100010011101001100
00110011000001111001110110000001111110111101000000000000101000110010000000100001000101111101011111011100011001010001001100111110
00000110011011111101111010101110110010001010001010000011110110011111000111101111001011110111100000100011000111011110101011010011
10010011001000110101110100110101110010110100011010010101010010011111011010101101111110001101001001011100010000001100010100011010
01110101100001010010101110110001010100100010101100000001110011101000111110111001001001110110100010000000110100111110000101010101
11110110100110010100100110100100001110000010101010101001010110100001000010101100110001010011100011010001010001010000010111011101
00011011111100000110101111111100111110000101110011010000000110101100110001101001100000010100101010100000011100010100010101110001
10011101111100110100000000010010011101101000100101101110110111110010101011100110001001101100100011100000100100101010000100100101
11010010001000001100001110001000001001111100111010111110111000110100101011010010011010010101000101001001101000011011000100101111
00011110001011011000010111001000101010100010010101101010011100111101000011001111110100111101111000100000100111101001111101100011
10111000110110100110001010001010101000000000101110101011111110100011001100011001110110101110010100000110011101100111011001110110
11110011000000001111100100001101010000001111001011010100100011001000100000001001110000010100101010000001011010001000101100011010
00110011110100001000111010111001001011001110001000111000001010001011011101110000111110111000100110011111011100010101011100101100
00100011111000110011100100010001010100001010001000100010101111010111100001110010011011111110100010101110010111011011111011010110
01010010010001000010110011001100001011011111010001001010111111010001000111100001000001001111001001010010000001010000011011011001
01011110010100001000100010011000100001100101111101010011010100111011111100001011011100111100110100000111000010000100111000010111
10100010111001110010100100001101100101101110000011101001110010111011010011001011011010100101111011011000000000111111011100101000
01111110001100000011001111101001000010110110000111101111010010101111110101100111011110011111011110111011100011011011101011100101
11101111101001001111100100011101110101101111000101010111000001110000001101100111111101111000111100111111010001100101011010100000
00000111011100001000101000101100100110100001001001111111100100100001001110100110100000000001100110001001100101110001101011011100
00011110110010100000101100011011010110100111101000011011111000010111110111101101000110100100111001111100011110110010010011101101
11110001010101000110110111100000010010011110001101011001110110010000111001010001101100100000010110001000011001010010100100100110
10110101001110111001001111011101111111011010010110101010101010110011100110000011001000100011110111101100001100110001100001100101
11000011001001000010001011000101010101011000001000000101010011111110011010001010011111100101010000111001110110110111010100001111
00111011111000111000001000001010010100011100110010111000110010000111001111101011101011001110011010100010010110000011111101100011
10111101101001001110100010010010011111011001101010010011101000000110001111010100010001101001100110110010101111011000100001011010
10001111001000101110011010100000111100101100111110001100000011001100100100001001100100110000001110010001010011001001101011001010
10100001001001011100101001010001011100101011100100010010100110000111100101001001001010111000010100000101010011111111110001101001
11100111000100110111011011011010000001011011101100010000011100010110101011101010110001101111110101001001100010011101110011000001
10101110111000001001011100101010000110110100000101110101001011100100011101101110000110010001101011100000100100110010111001011110
10011101001111000011000001100100110010110111110100111011111000000101011101110101010010100110100100100101101010110001100111010110
10110011010000101100100011101100010111111101011001010011011000101111010000110010110010100001000100010101001011110101000100100100
01001100001100010000110000101001010000111101010011001101111110010100111101011011110101010100000010010111010100010100111000011110
00101111110101110000111001010011011100011100101000011110111000010011100101100011111111010011100111000110000100100101011100101011
01100101011101000000001110010000100100000010111001100111000001100000010001111000110101110001010010001000110100111101010110001101
10000110111010000111000011011101100001011001101000110010011111011110100111010001101000111000001111000100010001011110011100010011
11000110011111010011011101001010001101101100111001101011101101101110010001111111110000111000000011010111001011011101001101110101
00010100011100000110111110111001101010110010000111010111100000111101100100011001011010110010100110011000001011001010101100101001
01110101111100101100110111101110111111000111110100100101011110000101111111001100011001101100100111001110100111010110100100110100
11100010011000110000001010101100011000110010100001000001011111001010110000101111100011010011011110101001010101110111000010011100
10000111010101010110000100100101010001101100001101011011101010000100010001011001011100011101010111011111000000110011101011010010
01000011111000111110011010110011111010010001111110100111100100010000100011101010101110011010010100111101100010010001101111010111
10101010011111100101100010101101010010110011100100111110111011011010110001110101100110101111111111100111110110110101111111111101
00011100101101000101010010010001011000010111100111101100001000011001100000001010110010111000110101110010101010011010011010111000
10100111111100011001111111111110000011111110001101001111111000010010101111111001110000010011111001000011010000011010001110100010
00010001101100011100100110001100111100010011001111011101011110001111110110011101011010011000000100100000010110100100111010101000
01011010010000001000010110111011110101000011111110111111101111101010011101111111110101011001011110000010001001010101110010101110
00011011010001010100000000001101101101001100001111101010000001101100001010101111001011010010011111100011101100111101001010000110
00100000000100000001010000111110110000011111101100011000110110101000101000100101110001101100000010110101010001111110111010101100
00000111011110111111011101110110110001110011001001100000111110001101010101011111110110101110010111100001110011011000011010001000
10100000110001100110100111000100000001000000101011000001100110011111001011011001001001111100100100110100011110100010001100001001
00101001110000010000100011101001100000100011000111001110110010010001100101100100111100110001110000010101001010101110111000010111
01001011010000111100110110011101110111110011111011000111100010010111001101011000011110100100000011000001100010110000000111000111
00110001100100010111111001000111011001101001001111010111010011101101110100010001100001100001110111001011110000100001110010011110
11001111011101110100111001001101010110110011110001101010011011111111111000110000011010011001110000011100101010000110010010100101
10001111111101110011011000000101011100100000000001110001001101111101011110010000010010010101011001110100011111100001010110000101
00001111010001100001110001011100101101101101011001001101111110111011001110011001101100000111101111001100010001111001111110010110
10101010111011000101000000010111010101000101111111100110011011011011111111101111001111000010011111101011011100000011100001010101
00111101001101110010010111101010111101101010001101001111101100101011101010010100101010010101101111111000010110001011110000010010
11011100001110100100100111010111110100011001111100101101111011011101010010011110110101000011111000010111100011000011111111000011
11011001101011100001110000010110010000101010110011110010000111000011011101100111100000101000000101011011010000100000100100110011
01001000000001010101001010110000000110111111010011110101111000111101111011100000010000111101110101010110100101000100101001110011
11000000101110011010000100101101100110010011010100100100001001010111100101001010011111010110010000111110010110110001010101110011
10100111101000111100100010000011011111011111111111100001110101011010100011011010001100010011110000011111100001110111010101111110
11000001010111011111110010011000111000110000001010100100101000001110111111001100111010110101111111110010100101000000111101001101
11010101110001100000011100100011101111001110000100111101111110001000100110110010001011100101010001110101011111001010000011100000
00101001011000000011000011101110001000111011111000011100100010111011111010110101010010100101010111011110100011100111110000111000
11001100100000110110000011111100011011111000011110110100101111010011001111010110000110111101100011010010011000000010000001011000
00100111100001110001010001100101110011010110100111000110110111010000111110111110001011111111000011001111000100110000101000100110
00100111001000100110101100010111101001111110011011110011111101100110100010110010111110101011111101100101001110110010000100011001
11011011101100000111001101101111110011010111010100001001100100010000111101010110011000111111110010101010101111110111101010000001
11000100110101000111010100100000011011001110111110110001011010100101000011011101000001011000100111000011000101100011100010100011
00100000101011000010101110110010000001110101101001000110011001001001110010001011100010000000110101100011000011100110111000011110
11011101000110110011110100011010000100101111010111100110110110100110101111101101010010101001011100010100010101100000001110010101
11111001111110111010100111001000111010101100000101000101000001101010110101011000110100000001000010101000010101100000001001000001
01011000001111001111101110010000100111011001111001010011000000001001000010010010010010000101111101101011101000000001100100001111
00101111100011010001001111000101011001101011011110110010010100101100100010010101101011000000001010001100101010101110110010100000
01110001111111101010011111010101001000001001110011100000101010100011001010011110100111110011001011010011111000110100000101011101
01100110110101000001001101010001111110010011001101100110110011011110110111101001010010100001111001011101100011110001100000110101
10001101010001011000110011010101000101001111001001110001011011110110001111011101000101101110100100111111101010001101010000000110
00011110010010000010011000011010001100111100100010100101000110100100000000001111101101010110101101001110010010101100010001100001
10011001101100110001111111001110110001110011010111100000110011101111101000100010100011101101101101011100111010010100010101110110
00101011001010111111011010000111100000011000011111000011001010010101110110100010001111010101010100110010101000101000011010110001
00000111110111001010101001000011100100111000001101001010010001011101010111100000011100100111100011011111010101000010110010010110
11100110010111100110000010101010100100111111010010000011000011010010001101011011001101111111101001100101010100111110001100000000
01110100100111000001011010110101111111010001111100000011000100101011011000100001010010110110100011011101111111010100010111001000
11000100111000000010000000010110000001100101100100000111011001011001110001000111001100011000001101111000101000001100011110110011
00101100000101010110000001101110000010101000010001100100010100000100111000010011010101100111111101101011001010000110011010101101
10111111000100100001111000100001110101111110111001111101001111011000111111111110111111101100001111101110011111011001100110001100
10100010111001100111110110111111011111111011000101011010000101111111111101011010011111010010001000100001011010101000101110000001
00111111110000001100101111110101000010000110010100111100111100110001001011011001001001001111000000011110101111111001100000111110
10010001010110111110101111001001100001110101010111011101001100001000001011100100101011010101110001001011000011111101110111000101
10001011001011011011011101100101100110101111110000110111001010001000111101000101101111011101111001011101010101001101000000110100
10110011110011000001111110011000101011101011000011100111101001110110110000010100100001010000101100010001000010010000001111000011
01101011011101110110110000110111000101001111000100101111010111011100001110001010010100110101101101000100011101101010110011110010
01111101001011011001110011000001111001011110000100011110001010000010110010001111000101100010011010001110010001000011110011001111
00011101101110010111001001101111000100101101111000010111010101101010001110001001101111100101011110101000101011011101001010100111
01000100110001101100110000000010011100101000110011110111100100000000001011000010011110011000101110100110001111100010011110000011
00111111111100000101111010101011111101010010000010001010000101000011110000010110001000111010010111000101000010011011100010010000
10011111111001011100011010111000100101100011101111001100011110001101001001001010101001010010110110001110101101101110001010000111
10011001001001111100101001101011100110001011011001001100101111100000010111011110100110101100111010011100010100011011001101101010
01111110100010101010011010111010100010001101010101101001001010010111110000001010010100001000011000111011100001001001000101010011
00101011010000000110010110111101110010111011100101011100111010010110101101011110110110110101110001101101011110111000100101111110
11011100000001010011011000011000011100100101110001011001011001111000110110001101101111010000011011110000010101101101001111101000
11111101110111100010100011101010110111111011010011110111000101011001011010111000000101010000010100011011101000100001101001101100
00000101000011001110000110001000111111001011101100100001111001000011010100000101001000100101110001111111011010010001110000011101
01110101010010001001110010110011101010100100001111101111100000001000100101101000001010000110100001111000110100110100011010111101
10110000110100010111101000101111100110011111111110011001011111111110010100100100000011001000000001001001111001111011110100010010
11011001001101101100001111111011101110100101100000101010101010100010000111010010011100110011001001000010110101011010111011010111
10010101011101000010100110011001101011011111110010100110100110111010010100111101100100101111101011001000011011101000000001011010
10100100110011100001110111100001111111101100110100100100111111010011110101011101111010110001100010000111001001100000001100001001
01100010100010100010111001111101100011011100110110000110001000101000000111001000100011100011001001001000111011101110100111001111
00100010110110010010011110010101000101101111110110010010011001010111000000100100000100011101110110010010101110100010100100100000
00111001001101101111011101100010110111010110001010000110010001101011001110011111110000110011100110110010110000111111011001010000
11101000000011101101100011110010010111111000010110000011100101111000101000101101110001001001000101111011110001111110001101000011
01100000101000010110011111101001101101001000000011000111110001010000011001011000011000011001001111000010000101100001111001010110
11000011111000000001111101001000110001000000110101100101011111110010111011101111001111110101101011111010110100000000110010010111
11110011001001110111001101111100001101110001101011011001111011010110100000011110011001001011000110001100011001101010010001011010
00100000000111101010010011001000010000100001100111010011111110100010011000110000000010110001101001000001011110011101001111110001
11110001000101110011000011000000000110010001101101001010100000111111011110011011010101101101000110100110011011110111110101100000
10010000011001011010110110010001011000111011111111010001010111000100011101110010000111110110101101000101101100000010010100010010