01101111000111011111101001010110110110010000001111001100010101010011001010001001111111010010001101100011001000001101010100000000
00110000100100101110111100000101000000111001110111111101001001011110111000111000001100010110111001101100101110101110110010000010
11101001010011111110010011100001001000001111011100110011110011010011010011000111010001111001010100011011110110101001100101010010
10101111001111111110101100111100101000011011100001000101101010000001110010101001110110100111110011110110010101001011011000011101
00100101001101010100111010111101010011111001101011001010001101010111001000100101010001110100001110010110001110111001000000010101
10111101010111001101111011111101010001100110100111001011001101111011101110010001111000010010000000101111110100000001110101011101
11001111100100011000111010000110000100110010001001111101001000000101011111100000000110000010001110011101010001000011110100111100
10001000010111000011111111010010101010110110110000001110000011001101000001000111110110101001101111010111010000000111110110110100
01111000110111100010101111001101111100010001111011001011111011110110111110100011101100110000001001101100101111100011100100100100
01011100001011001101010110101000001001110100011101111111100001100111011000110111011010100101010000111100001010000011001100101111
00010000111100101010100111000000010100010000100111100111101001110011111110010000000011010000001100010000100110101100101001101001
10011101010110111000011011111110010011010011000101101110011010110010001001100110011010100110001111000011101000110110111011111010
11000001110101010010000110110011000110000001011111010010101101010100000010101001011110101010011010001110111001011110100111010010
10100010011100110011001000100011011111100010110011101101101010100000111001101101111111101111100000110101001011110110001101011000
11011001100000001000101001100011010000011111000010001111000001001110001101001111111000110101110100111001001011011110101010001010
01100001011101111010001100011101001100001110001010111011100011101000110000001101011011011101101001110101010111000010111111011000
00110010101100001111110100010001001011000010011000010011011011111101111010011110011101001011001010000000000011010111000010110110
01001011111010101101100101100000110111111001101001100101010011100001001110100010111010100001000101101010101100100000001100101001
11100000101011110101100001101100111010110011100010101101110010100111110110110110001101011101101100110111001011101101011101011010
11101100100100101100111111100000110011100110101111011110010000001110010011101000100111001101010000111001111110111101100000000111
00001010111101011000011010001001010011100010110101001010110011011110010001100000011011010001110100000001010111001101101001000111
10100011101001010001001011001100011101100101010011001000100001100001001000001101010001011110111101011111001011100110010100010110
00111101100000110111000101001110000110011001100000000001011000111011111001010001001100100011001100111000100100010000010101000000
11000110000101001101000111101000100101100010110000011111000000011110001001101011101111101011001000001010011000001001110110110101
11100100010110100110110001111001000110010100111001011111110011011101110110101011001101111011111110010100010010000100101101011100
01101101101110100110110101001101010000010101100010100100101110100110000100110101110011000111011111010011101101010001011100100101
11010011000101100010000010011000110011010001000101111001010101111001000100001001111111000001110110001000101010100111101000000001
11010010111111111111111001011000101100101001111110111110010010011001111000010110111110000011110101001001010001011000011111100001
00101101011010111000101010101010011111010001101110111010101001000010110101110000000100010001110011010010111000010100010011011010
00101110100000101100110010110010011001101000110011111001111001001110111000101110111101011101111101100101011100001000010100001001
01000110100010001101110001001001110000111000101000100000110011101001110100111011100101000111111110101110010001010101001011010111
11000001111011001010101001110001010101000101000011100100100011010111011000110001111001000110111111010100110100111001100011011001
01000101111011010010011100010011111000000010001111100011100100000111001100001010000111000000001011111101011011011010000001011001
11101001100111100100010011110110010100010111000100101010001100101110010010101110101001010111010110111001001100010010111101111101
11100100000110101011011000111010110110010101010100011111011110010101000000100001000111001111100100110100100100101111011110110111
00000111110110111011110000111001110100100011001011000010100010101011001111001111111111011111000110101001001110110101111000001010
01101100001110100001100010110100101101000000100101010100001110011001100010110001100111111001110001100100111110110010001000100101
00000011111100001001111100001101110010100100001101000001010000100101111001100011111000100001101010111111100001011010000101100001
00110110101110001110001000111001011100111010011000011000110101001001111010000010010110010000001110011101110101001001001010111010
11011100010101111000011111110000101010010001001011000100101010101001110100011110011000000010011011100001101111010010110011011010
00111001100100101000111101011111011010111100111101010011010111001000100110000000110011000111000101010011011101011001100111010110
00110110010000001000001110000000110100110011110100110000010001111001111001010100011000001001001000110100000100111100100010001000
11110000000011010101000101000010111101111010110000011000101100011101110011101000010100011101000100010001011000101011001001000111
10000100101011111100101110000010111011000000110000010001000000101010101110000011000001001010010001011110010110100001001010001110
00111110001010001101010110000010010000110000101010110011100100001010010011111001000000011111011111110011011101010000110000001111
00011100100110001111111000011100100110101110110111110100111010100111001011111010101100101011010101111000110110001101111111110111
01001110101000101110110100101011000110100011000101010011011100101011111011010101011010100111010101111110101010110110111001101001
11100110010000000100010111100110010111111100000011111011100010111010001100111001100011001011101110010010110111001001100001010001
11101010100000001000110001101101001010010000110111000110000010000011010000000110111001011111111111001010010001000001001111011010
10011111011110011010110001010111111111110000001100011010111110010010101010001011110011001100101000000101110000101101110101000010
01011101101101000100001110110010010001001101100101100101100100110101010011000001100110001010000010010011110001101111111001011110
01011001000001010011001000101010101001100001000000110100111011011011001010111001101000000101001011011000001111111001101011101010
10011000111110110010010100101111111101101110101101111100100110000111110110111110000101000111011110110001010011110101100001011111
00000110110010111100101000001010000100011011111000101011001100000001001010101100011010101011001101010010111010111000011000011001
01011011111000011001001101011101100011100110011010000000011010011101101001000010111101011100111101000011001010100000010010000010
10100110000001101100101001100111101010011011100011010101011000011110001010100111100110101101101110110101010001011101111011100111
10101101010100100110101100110100101100111001000010110110010101000010000111011110101001101001010011111111011010011110111111010110
10010110001010111010111011000111010101011100010010100101110000000010111011000001000110101011001001110010100111001010011111111111
00010111110110110011101001111100111110111111000110100010000100000111100000110111110001011111101100010111101111000010000010100011
11010101101010110001010100000010000100101000010110100001111110010011100011001100111001111001000011001000000100001100101100001111
10000001110001100011011011110011100100110001111010100000101001011110100101001100001000001110000011110100000011000111100011101100
00011110011010101001111100011001011110010100101010100011110011111110100001001011111011101011011110110111010010100101111010010010
10011101111111110100110100000011011000100000011000010110111011011111010111011001011000101000111000101111101000100100111100100001
01100100001111111100110010000001000001100011011000100000010111001100100100011110011111111111100111001010101001001111100100011111
01110111100011110001011001001011101110010000111100100101101111111001110111101110000000100110110010101000111001111001101110100000
10010100110101000010010101000110100010110111111101001010101110010010000110010110110001010010101000110011101101100111111110000100
10101100101110000101101110000111011011100011110101101001010011011111011111001010100111011110100000011010101011101110001001010110
01001101111011001000001001101000110000010110101100111111101110011011001011000110001111011000101100001111001111000111001010000000
10111000011110010001110101010111100000001110010101000110110100101001010011011110000101001000101101110101101101110000011001111011
11001010010100100010110100100000111110001011101101111100100101111100110110100000001111010011111100101100101011100100001100011011
11111000011010100011101111001100111101010101010010011110101001010111101001110111011001001110100000000101011111001100001001111000
11010010000000001000100110101111110011000101010110000111010000111100110011100100100001101000010100111101011101101000100001011000
01011010010110111001010010010100101001000010111011001010011010000100101110110110010001111101000010101100100011011101010011001010
11000010010001010101111000101111101011011011110100010001111111010100011001011000000101001011111010001001010110010110110111101001
01100101111001011110000011111100100101010110110000101111111110110001100000101110110110001100111011010101101101111100011100000101
01100111001110111011101111000101111011100100011101100010000101000001101010110101101000101101000111011010000110000011111011101010
10000111111100111000110111100111111000010100111010100101001010100101111110000101101001101101010011001001000010011101101010111110
01011101010001100100110001010111010001011011011110000011101100000100000100011100000011100000110010001100000011000110001000111010
10100011001100000011001010001100000001001011010100011010000011010100111101101110110101011110011101110110111010101111111110000001
11101000010010000100010100011111110101011010011110000010100001011010101111101101011011100001110010001110101111111000011001101011