10101001011110010101111100110010011000101011101101111001010000000010011100100010011010011101100101011010111000001100011000111000
01011111011101010100010100011000100001000011101111010111000001100001101010101100110110100000111010100000101100010001011010011011
00110011011000111100011011110111001011110010000100001001110000101001010010010000010111111101000111010111100000111110100010001111
01111111000111111101010011000110011111100010000001001010110010111110110001001010100100110100011011000110001000101110000000010010
10110000111000010101011100010010111011101000000001011000011000110001101001011110000111001110001000001001000110000011101111000000
10101101010111001100000110111010000110011110100100101111101001011100000010111000111100110111100101000011011011001101100001001111
10000000100010000111011110100100011111001101100110100101111100001001111010110100101111110011100010000100001000001111101000100000
01001111000110101011110110001010110000010110100110110011010001101110011111001011101001011010101001001100110000111010011011111010
00101101110101000011100101101100011111110011001011000011001011001010110101000001110001001110101011011111001010001010011010101110
00100100110010010011100111111111111000111011001001001100101100111000011011101000001101011001001010100111010111010000111000011100
10100111010000010101100011111000011110100110111111111111010000010100000010010000000111000010000110111100011100111000111001111000
00100000001100010011101010111100010011100100101100001011111110011001111011110011100111100010011010000101010110010100001110101101
01010100100100101011100110010100100011010101010011011010100110100110001010011101011100000010000011010111111100110011110001101001
11110110111010000010000001000101011110010100011010110100110010001001000101100010010111101000101110111101011100111010100110000001
11100010000101010000100100000100011111001100001010111101111001110100001101001101110101111101011101010101100001011010011110000100
11110110000110101010000010001110011110011010100011110111100001101111001001001100001111011111100000000001110110001111110011011010
01000101011010001010111001111100000010110011110010000110110011001111111111110010100000100001010010100011100010110001101101110100
11011100100011011001011110011110010100100100111011001011001011110111111000110000001011001111010010000101010101101001111001111111
01100100001110100101111111110101001111010001100111110101010110101010100100100110101000011100110011001011011001110111100110100100
11010110110101011111001011110011100111010011100111011110100110100011001101000111101000111100001110001010001011111101001101010111
01011110110110101000111010010011110100100011000111110011000010100110011011001011100000010100110011000100010110110000100101001111
00111111001100011011011111001001001000011111010011101011100111100110001000110011001100100000101111111001011010110101100111000000
10000110100010111100011100001001000000100110001110010100100000011011011001100110110001100011000011111101000110100000000011111110
11001010101011100000010000010010000011011100100001110100110101000011100111000011000011111110001001000011011101100010101111011000
01010000010011000011011011001101110001100011101100000000100101110101110101101010010000101100001000011101110000000100010011110011
10100111100001101111111110110100011100110000010000101010110111101001101110100110100001111001100010010110001010010001111000010010
10001000111101100110000010110111011010001011001010110010111101101101001001101100110001100101101000100100101000100110011110101010