00101100100011111110001011100100111000100001111001110111111001101000000110101000110010100010000011101110101010001010101110001110
11110010011110001100001000100101001000001101010011001011101010011101010010000100111100100100011111101101001110100100111111011110
00100000110101110111000101011011011001000000110101000000000000011101100000010110101110100010011110110010010111000010111001011111
11101011001100011111011100110111000010011000000101011000011110111101111100011011110001001100111111111011101011111011110100000100
11101010010111100001000111010000101100100100100100110111100100110010010111010000010000101001011111010110101010100111011001110101
01000010111110010010101110011100101000101001111011001000010010010101100000011000111100011001001000110101100100100110011000001001
01101111101010111001111110110111010010010011101011011000010110110010111100111101111010010010101110011100100000110000001010011001
11101010100000000001011100101010011101011111111101010110000000101101101010000100100101010010101111001001011110011100110110101100
11100001101110000000101110100011010100101001010110001100100110110001000101110100010110010001011110100011110110001010111101101010
00110101101011110011101111010001101001100010100000111011100001001100010111110111000101101101001101100110111100110111110011100101
10111100011111100010110000001001010110010000110011010100010000111110101010001011000000100111000010101110010100111101110111111010
00011110110011000000101010110101010010011010010100100010100101000101001001000101111001001011011101001001100010111100010000100001
11011000000101011001110011101011110101011100000000000011010100010100000100010000000010000100010111011101000010101001011000001000
01101001110011101101100000011111110001100011101011110100011100000101100011000100011101110011110000010101011101110100000010001011
10011100010101110011101001001110001111110000000010101111110000100001110001011011010001100010111111100101010000111101110001010100
11110101101100011010110010000110000011111100110001111010000001110000101000110111010000000100000011001100001111010110111101101111
10100110001100001000111010000111010001011001000101000001010100010001001101000011110011011100010110001011011111101001100001111000
11111010000101110001001001110110011011001000110000010001011000011111001001111010001001011110100001101101001010111010010011100001
01010110110101100000111111101000010011000100000000011011000110011001101010001111000111101111100101001010101101111100110001011100
10111001101110000011011101010010000110111110110000111001110001100100011010101000110101111111011000010010101100011110010011100110
10011010011000100010000000101110111100111111101011100000101011100111011001000000110011011111001000101101001000111101111100101111
00100101010100110011011001001110000010111001111110111110011100001110000010101001010000101011100011110101101110101011010011101111
01100010101111001100010010101101011001101101001011010101111000000111011111000110110010110010011101001010011000100000000110010100
10011110001001011111111100011000001011101010011010010111000101000100001000101000101110110110100001010110110010010100011000111111
01010100110111000010011001010011001110011100101100111110100101101111001101101000100011110111100011000101111011011011010010000010
00101000111100001000111010110111111000010011010010000100111110111100010111001111111111100011000001011010110101100101000010010000
01101101111011011000110111011110001011101001110111101100111100000100011011000011110101010010100010000000011011010010000110010100
00100100101011110110101000101011100000011111010011001101110100010011011011100101000000010111110010111101110001100101010100011111
10001000111101000110000001000111001111000110101011001110011010101001011101100101110001001010011101011101010010100001001011001000
01001100111010011111001011001010010110100000001111000110110111000100110010110010100110100010001011011010111111110110101110100011
11000101110001000000101000111011100100010001001001111011001111000111011100100000011011101111110110001110000111000010101011000010
00001100101001101111110000011000000001110000100011001011111011111110010001000000111001101110010011011001110011101000101101100000
11010011100101100000001011011001111010110010001010101111110110001001101110000110101001111110111100001011110011111000101100110000
10011111110011001110111110101011100110101000110000111010111010110110111110110111000111101110101111111110100000000011000011001011
00101010111000011100011010101111000111110010001010100001010100110011110111111100011011100101001101111001000001010000110100011101
11011101111101100001110111100101101000000111001100010001000010010101010001100001011110110000001001011000000110001010011101110110
01011101010001001001000010000001010100001001010011100110111011011011110011010011010111100001100100100100000110111011100010101100
01010110010000000000111010100110000111001101100110010000101110111010011100100010111110100101011011101010100111111001100101001011
00101110101111000000011010011010000100111000001010001100111111010000000101011100100001101101000000000110001000001100010101010001
01101100100000110001100111101110011001110001110100000101011111101101100110011110111100011011100001011110111110110001011101100011
01010001010001010000000100011111110011011100010101111001100110001001110101010000100001000000101010010111101010010100101111110111
10010111110101001110010000101001000010101101101001011001010110000101111011000001000001100110001010010001111101110011011001111111
11000001000110000001001110001010010010001111100111110110101111000101111110000000101000001101000010011010000011011101100111001000
01010110101000111011101000010000111111010000100010000101001001100000010010100000111000000110001110001010110100000100111100100001
10111010010000001011001100000000110001011110010110011100011011001000011001111011001001011110100000001110111100011010110101011101
11110001001110111010011100100001110100010000000000011101110101000011001011110110010110000001110000111011010010010010110011111110
10111000111111100111010100001001000011010101100000010001010101010001011001111110000111101111101001100010010101000001101001011111
00100110010001011000000001000101101100101100000110111100010110011000010010110100001111010011111010101111111000001110010001111111
11111100011101100101110010001000101101011100101110010110111111111101110011000000101001110111010010010111001001100011011110010111
11101010100101101011010110111111100100000011101011011010111000011001001011110101010101111111000010111110110110011111100101010101
10010000011010001110101010001010101001110100101011010100111100101000000000001111011010001011101000111100101010011000110111001111
11110101010000110100100011010100101100101000000111110011011011000101001101001010101000110111000000100111110101000101101100111110
10111011010011011111110110011101010111101100000000101111100111001100000000000001101000000100011001011100011101010010001011001111
01110111111000110010110010000100001111000100100001101111010100101111011000111000110010010010011000010110111001000010111101100111
00000101010111110100001001010111100001010100000000101110001101111001001000111111100000110110000011000001000100000001100101100101
10010101011110111101101101000101010000011010010111001101110010100001000010101111101010010110100000001101010111100100101101001111
01101100000111010000110111111100001001001111001100101010010010111110101100010000100101010000001101110001101000000110101001011101
00000110010010011010110010011101000111011000101101110101010000111011110011010100000001111011000110111000000001100001100011001010
10000111011101100101101000010100111110010111101001111111100011110001001010000101010011010100110101010100100101000001110011101100
11100101110101110011110100101110111001010100000000010100110010010100001101101001110000111111100111011010010110110010011111101000
00010100100111011110001101011000110101000100111001001110011100000100100011110011000000101010010011100011010001000100001001000111
11000001111100001010001000011100111001001111101110101111011000011101010111000011110011101010010011011101111111001001001101110101
01001100011000001011101000111101010101111101001100110101011000011000100000101110010111011010101001111110001011100011101010101001
10001010100010111011101110110101000101101010010111111010101001110001000100011110100001010011110000000110111000100101010010011000
10110000001101111000100100101000001001100111100000001010001110011101000110111111101001010010001010111101001001011100000001111110
01100001110000001010100010010010010011110001011000001011000110000111111011000111000011001111100100110011110010100100010110110010
01000100001000101110000001001001100010100101101011001001011110010001111011000001101001100100001110100110001110100001011011011110
01101000111111000011000100011110110011010001011101101110011011110101001101011000011100101111001111111010000011111011100011101111
11010101001101011011000011010111110001111010001011000011100100100110000010101110110010110010101010101101011011010101010011111100
11001111010111110111010011111010000001010001001100110011101001111101001001001101000010010010001110110011110000100010011000010001
01001001110001100001000100100001000011010001100000011100011010001111111000010101001111111110111111011000101101101011101101110101
00100101000100100000101101000001010100100011010001010101110111110010010000101100100101001000100100101011110000010101010101010100
01011010010111101111011010101011001001011000001110000110010001011110001100010001001110101001101111101101001010110011110000101011
11010011110010011110011000100110011101110111100001111101101010101111000110001101111111001111011010001101001010110100111110010000
01011001001010000100111000111010010000111100111001010011010101000010100111111000011010011100101010100011010100011010110110000100
01101111000000010101010000100101001000111100001011100100101110011010111111101011001100010001100010010101000011100011110010100001
00011010101100010100001101110000001111010000001010000010110000100010011101111010111010001011110100111010110010010111100111111101
11101110110111110010001100111100000000010001100100100011011010101101110100110001100111111010000010110101100100101001011000000001
11011000000100011111111000000010101101110101001111010100000011110001111111100111101001110010001111011100101011010011111001001011
00110110010001110110010001111001011000110001000010010010010010100000110101111010001011010110100010111010100000110110100000100000