00000010010010010000011101001010000000000001000101110101001111011110100011100001011101011110011001101101010101100010111000100011
11110100111011110101111110011001000111101001010100110000100111000001011111001100111111101101111010100001110110000111011000111011
01101101110000010011110011111001111010011000001110100010110110001111100010101111000000100010111010010011001101100000100100110001
11010011010010000110100101010110101010011010101100101001011010110111000010100010110100100010001010110001001001011111001100101011
11111111101010111111111010000111111001000110000100011101000011001001000011110111100100010100010100001111110101110000111110110111
00110110110001110101100111011010000000000000110100101001000101010110001111110001100111111101100111010010110101001110010011101110
10010010111100101111001111100011011000001010110111011011011001001110010100110111000000010101000111101110001001100010011010101000
01010001101000111001100100011101010110011000100101001111111100101100101000110111111110101010111100111010000001010011010000001101
11001110101000001000001001100010101001110100001111010110110101011010111000110011111010111101000111001011000001110001100000010010
10100110000011101011001001010101100011001000100100111100000000001011101011110011000010110011110101010000011010011011110101100111
10101101000010010011000101011111100011110001111110100100110111000111101101100110110000101010100101011001010101011001001001011100
11011010010101000010001101000001111101101111010111111000000110001011111011111101100000001011011101110110000001101010100110100010
10001100010010001110001011000001011100111111110110111111110001000101011011100100110011000100100010011011010110001110011011001001
11000110101101100110100000101000001101100010110101001110011101100110110001100011101001011101010010100001100011011110010100100011
11101110010011100011010000011001010010111110001100011001011000001111000010010101110000001010001011100100010101010011000100101110
00100111101011000010101001000011011000011110111101100111010101000001101100001011100111010001000000100001101111001110101000001010
10111111011001001110010001000110000111010111001101000001000111100110001101011101101000110101101101111100110001010000010111011011
10100000101010001010000010000001111110100111010000110100111100010011011101000010100001011001100110000010100111011101011100101010
00101011000101101010101101000111001000110000110110111001110000101110010001000100010010101000001101101100011000110011010000010001
01000110111111101010000111000011100000110100100101110000110111001010000111010010111011011111101011110101001110110000011011000010
00101111101000001000111100100111000111100111000010010010011001100000110101001011011011011010011110001011011110100111001001101101
01111100101000100101111101111101001101110110111111111110101000110000001000101010001011110100011010011100011111101010111011101100
10011001101000110111001111101010010000011110010110000000100011110101001011010110100110001011011101001101111110111100100111110001
00000000001001000110111100010111110100110011001100110001110000110011111110001011011111011001000101110000001001000101010111010110
11011110001101110011100000101000001100101011111111010101100101110000010001000110101100001011110101100101110111000011000011100100
11110110000111011010100001111111000111010010000101010000010100000111110110111010110111110011001001000110010111001010110100010110
01011111110001000011110000011100110011110011100110111010001001001111101100101110111101000101111111101010001111110011011110101010
10000010110110010101010101110101100100101110000100111101010111011001110001010001010101101111110110000011000111101001011110110000
01100111100000000100011010101111101010011110100100110011000111010100011101001011010011010001101001011010111111111001101101010101
00111010100010000101101001000110011001001011010000101000101111000010001010101111110001101110110001011000000000111110010100111001
10011010100101111111111101011010001100000100000000001000101100001100111001111001000010000001100111111101101011010001000001110111
00001011010000111100100011001011101101100110101000011011111011010010000000010011011000011100111101011101001001100111001110011010
01110011010010111101001111010110010110110111001111110101000111111110110000101010111000011000010010001010011011100000010100001100
10010011100000010101111010010000100101010000110000010000011001011000001101111000110001001110011100010100001001110001111100111001
11011111110000011000111110110000010000100111101110010000001010110110111011100110000101010011110001001111011110101001100001001100
01100101100011000101111000001101011100110000111001100010101100000000110010100111010010000001001010101100011011111101110101000011
10010110010000011111010100110000101001101111011011111100110110101011011010100100010110000100011110000111100011000000111111110101
01000010010000010110000111111111001010001010101001011101000011010001000000011101111111101111110111011001101111100001001011000110
10000110110000011100101101110100011010001111000110111001110000000000101001101110101011110011110111101100110000011001000111000111
00111110010111110111111001001110110011011101011100010010101010110001111011110101110100000110000101001100110011001010011010111101
00111110111010110101111110000011000011100001111100001101001011010100110101001111101011101101001001111110001010011111111101000000
00100010101011011011001100011100001011111011010000011001111010001010100100000100011111010101000101001010010011100110010111000010
10111010111110111000000000001100001011001111110111010011100001000011010011110001111001001000110111101000111000100111100110001111
00001000111011011111100101010000110001010001001111000000100010100001110010001100011110001011010001101111101101011011011011000110
01101111001101110110100101100110010100111010101000000010011001110110101100100001101100010100101001011100000000001100010100011011
01111101101010100110111100011111011001001011111101001010011000000011101000111010111101100011100111100011100000010010100101110111
01111110010110011100011011010000000100100010101001000110100101010100010000111000110100101100000100001101000011010110001101001101
00111000011100011100010010111010000101111110000111111111001110000001101010001110001111001000100100001110101110000001100111110100
00111110010110100011000011110001001000000010111001011111000000110000000110011110001010100110001100011001111110001111011000001100
01011110111100011111011000011010010100011001100001011011110100110100011101111101011100110110010001100111000111011111100100110000
10110010111111111011010011100000001011001010111110000010110100000101100010001011011000000011011001110000000100010110001110111000
00101111110100111011111110000011001010010111000101001001001100000000111000011100111101001001101011111111100101010010110000110111
00100111100100001101110010101111011000101101111001000111001011000111001001111111111110101101101110011101101100101011000100011001
01100010000001100101110101111000000100110110010100111101111110111000111010101100111011110111001000011111101100101011100010100000
10010011000110011111111101111110011001000110100100000110100111111101110110001000100010101011100101111010000001010010101110000110
01010100110010001011011010000110001011111111111001111010100111110111011000100010111011101001101111111011000111100000011001001011
11010010111011011001100100011100010111101111110100001110110110110100100010101000110011101100111100010111001001001101110100111110
01011110101001111110111100001110110001100010011110000100001110101000001111111110110111001110110000000011000111111001110000101010
11110001000001101001100110101010110010010010010001011100110110111000101100001001101010010111011110001110000001110110110010100010
01000011111011111111111111111100011000111010000011100101010110100101110000101111000100001100101100101001011111101101011011000111
01110011001101110111111000111001001010011101100111011100000010100101000100001111011110101100101100110011000010110000001011111000
00010110111111000100001111001001010011001011010111010101111100101011001100001111001111111100010011101100101010010111111001001101
01010000111011101100011110000001101110101011100101001101100011111100000000010010101011011101001000100100111001100001001100100110
01010111111111111011011011100100111010100001010001111011100000110011011110000110010110111100000011001100001011000011100000011000
00010110001010010001111010111111101000100110100000000111100100101011000001001011000010001011101111010010001000000010100001001000
00000010010101100001110000010011101010001110010100011010000011000000011001100000111010101111111000010101000110001001000010100010
10000110001011011000110100011110000100100011100100010101111110111001001000011011111010100010010011111110100000010011011100101000
11011111100010010000010101001000010001011110101001001000101101001100110001110001111111011110000000111010001010001001110011101101
11110111001100001100001100110110010101110101100100001101011101101111100000111100011011101000001111010111101111100111001100110100
10101010100010101011100010001100101010001000101011010111100110000111001101000110011111000000011010010011001100101100110110001110
10010111111001001011100111100010101111100000010111000110011010000001011001111111011100000001011111111111011000001100100110111010
00000100011110111101101111011011101010101010101001010001010011000000010001010000101110011101001000000011010111100000111011011000
01110100110000000011100110010100010101111111100111110000001010010010011110101111101011111011111001011110000010010010000101011110
01110000110011011011000110011111011110011000001111000101001100111101011111111100001010110100100100110010001110001110100110111011
11010111001101111000011000101100110110000111000100010010100000110101110011010110000010111100000101110001110000011110100011101001
00101011011111011101010000100101100111010110101000101100110110001000011101011000000011010000010101111101100000011110011111001111
10101011010011100101001101101101100011110011101001010101011011100011100111000100000101000011100000101001001101011101111001111101
01100100001101101001000000001110110001010000010111110010111011100111001011101010110000111011010101111110000010111001111101100111
00000010101111011010110111001010100011100000111101011011101000000110000110101011001000001010000011111011010000100011011011010010
00100010001010011100100011010000111001100011101110101111000100111000011111011101110010011110010001100001011010011011011010000001
11101001110100110011001100011111110100010110010110101001101111000110001110110101100011011110101010101010100111001000001011001001
11101011111101000000000101000001000110111100111001100001001010001101010010011011101011101111001001001100110000010110010010101000
01000010101011111111011011000100011011000010001100010101010000100111001111001100100001010100101100011110011010110110110000010011
10000101111110001110011100010101011101000000000111000101011001100001010000001100011101111111101100100101111101000100110100101001
11100000100110101001110010010011101000111001001010001110110000010010101001110001101000010100110111101000000110000100010010001010
11000101001000100000000001001010001100011001001100111001111101111001000101110111100000001110000101110000101001100000101110100100
11001011000010010101100011001000011110100111101001101111011100000100000011110000000000110110100000110011110101001010001011100101
00111010110100011110110111101011110100001010011011110001101001111001111101110001010000111001101111100000010000101100010000001111
11000101111100001101100101011111100101101110011010100010011000000111100111000100101010101110000111111110011010000110111001001010
01010011111010010011010100001100001010001101110011010100111110001001001001100010000001010101010001110111010010000000100111110000
01010001010000111111000010011011011111110001001010001111011100100000100100000010011101010011110101111111000111100000110000000010
10110111011111000011001010101110110100011000110010000000001011111101011011001111101110010111010011001011011101101000110101100111
11111000110000110000100010101001101010111100101001001000101001100001101101000101100100111000001100001001001110111100000011010101
11111011001101111110101001000001100010110000011000101000101001011111011001101110111100001101010110011110101000011111001100011110
11001110000111010110110011110010100110000011010100010011101100000000000011101111000010111011110111100000010100000000010011010100
00110110001000001101111100000111111010010001010011001000000000011111001010101110101111001011011011001110000110111110000000100000
11011110000010110101100110100010101001001010100010111010111010101011101000010110001011110001000010101101101000001000110101111100
11110110110010100110011100001001010110010110111011111110110010101110111010111010101100010010000111010100000001111010111001001011
10010000110010101000111110100111110110011100100110111101011010000111111011101000011111010101101100001101100000100110101110111011
00000101111001110101001101110100010101001011111111001001011101101111101010001110000000011011001110001111001101101100001111110010
00111100001110011000001100010011100100111110010011001100000111110101000001100001010010000111101101010000100111111011101001001100
10010011000101010111101101100100100100110010010010111011101110100110010011010100100000111010111111010100011011101111001100101001
11100101101110100001010011110100110111000111110100001000001110100100001010010001101101011001101000100001110010010000001000111001
10001001111111000100000001011101110010101000110110100001000000010011101000101010011101101010101001111110101110010000111010111010
00110000110010000001010100000111100011011110010110101101000111111001101110111101111001011010001011011101111100010010111101000101
01110100010100001001001101110010000101100000000101000100001000100000110111011111010011101001011110000011100001110111011001111000
01000110001010100111110110000010111000111111011101100011000011110100011111111001101110001101110000011110111111011111110000011100
00110100100001001101011000000110011011110111111111111111010101111100000001111110010101100110100010000111010000000100110011010001
11001000001011011011011011010001001111111000010101100000100011010001011001011110001110010110110110111010011010101110010101111111
00101000010110000001010001100111111101001100011100110101111101001101010000001110010100111100000011011001100101111101100110101000
11011110100010110000010100001110011000000000111111111011110101101110110001011101001101011100001100000100100111100100001001010101
11111001011100101000000111000101010001011010110111010010011011011011111110011010111111010000010100111110000010011111111011000010
11110010000111001000010011010000110011111100111111010110110011100111001001101100101001111000110110001000010010100100001000110011
10000101000111111001010110100001100110101011010011100001100100111100111110101101011100110000110011101011110000011000111000000111
10111001110101101000100100000000011000011011111111001010110011101001001110110000010100000111111010110111000000000101010010000010
11101101111101110101111001100000011111100000000100010011101100010111100001000100001100010110001101011100011111001000010110010000
00000111101111110000011010100101110110011100100010001100011001110111110110101011100010001111111011000011011011010111000111101111
10100010000011101100000101111010101001101111001101101100001010000110001000101010100101110101011101000010001110010101010110000111
00001100110011101101001011000000101001001110111111111100110010111111001011101101100100101110010010111110011000110111100110001011
11000001010101101001110011111010101001101000100000100011011011000101001000101001010101011110110001111011000110010011000111011011
00000001001110101011011011111011001000011000010111000001011010110010001001110110001100111100111011000010101100100100100101011000
11100111001011000111111111011110100101010111110010110010010111111000100000010001011001111111011000101111001111001101011101001011
00011111010100100001101001101000011010111000111101011011011101001000111011011010101110111110001101101101010011110101011100010001
11111001011011110111101000110101011011001001101100011010110111101111000001101100001010011000000010101000010011010100110011010111
11011111000101101001100110101101101011001010010100100101100000000110010100101111000101011100011110011100001101110100110000001010
00001110001111001100100011110111101000001110010111110000100011010101011111011000101011001011010001101110110010011110101010001111
11101111000001101001110101010010100100111110101111111110100010011111010110110101001101011001100000101010110100000000001101011110
11101010011110101001000000000110000001010001001010010110111011000101100001001000011111000000100011010101010111100000100000010001
00001000110011000010100100000111110101000011110111100110011010111000110010100011011000001100011101011010011101101001011011011001
00011000101011011010001110111000101100100101001100010110110100111111001010000110111111000010100100111011100010010111010011000011
10011111100100000110100110000101100001001110100000011111010001000010100111110011001100100100000010101101000100101110010010010001
11110000001111001010001111111100111011001010110011111001011101100011110010111100111000111000001010110001001011110011111000001001
11111000010110000100001001111010010101011011100111010110010010001001110101110011100001101100010001011101110101101110110110110010
01101111001111010011000010011001011100111111000101001111110111001101010111011100111001100010110100001111010101011100111110101000
01010100101010000011010110001110010111010010011101101001110000100110110100011100110110110111111101000110010110100110010100001111
11000011010000111000010101001100100010100011000001100011101000111001010110100001000000101111110111010001100111101110011111001110
01001100100101001001100010010000110001111000101100010010010111101001101100011110111010111101100010101011001000001100010010101000
11110101001000100011011000010011111011011110101111110010001111000001101010110110100001110111010110110110110110011001101101011111
00001110100001010110111010110010111000101110110111101111110000000010111010110010010011101101101101001111111011001110011111000110
11011100101000001111000000110111101000000011011001010100101110011110000101110011111101001111001010010110001101001001101101000100
10100001011011101111000010101011000010101000100000110110001011000010000010110000111110110011101101101101100000010000111001001000
10010101010010011111011101110100110011110101100110110101001001111100000100001110001100100111110011001000001011000000001101101010
01101010100101111100110010100001101100110010011111011101101000001011110000110100010001010000101101010011111001011001010000111000
10001000001111111001010011110010011111110000000000000001011010000001001001111000011011001100110111111100010111011100111110001001
11110000100110010011011100110111001010001010110100001000101101101010110111001011010100001101101010001101001111111010100110000010
11111011101101111010001111010001100111110000111111010010110101110000011110000000101111001000001010110000111101011001111011100110
10010011111011000001000011011001110001010001001010011001011100011111001011101101000111010010111001000101111011011000010101001110
00101100000110100101110001000111010111001100000111011010001110001100010100111000011010100100011001010011001110011001010000011010
01011110000011001101001000111101110000101110111010001101111001000111111001100011110111100010001110101010000110011001001011010110
10101111010010110000000000101000101110001111011011110111110101110001000001111111110100100011111010101101010101001000100011110001
10011110100010100001101001111011001110000000011010001011011111110111101100011011111110011010100100010100010100001111100011111000
00111100000010000001101010100110100110011110111110010111011110010101111000101010110110101101110011111010011110000011010110011010
01100010001001101001001110010010100000000011001101101010010111111001101001001100101101100101101011110010101110100001011101100100
11010100111101000011111011000111101110110111100001110011110111001100101110110001010100010100111011001010000000000111010110110110
01011111101010110101011101000011000000001101010100011101101001110001000000000011000010110011110010111001101000110100001000001110
00010110011100011001100111101000101000000111110101101100111011110111000110111011001000010111111010110000101011101000001110100101
11101110101110000011010101010000101101011100010111001110011010000011110101011010001010011101111110011111100100010111111011100010
11111110001101011101101010011100110111010111011000111101100101110111101001011111101111101011011101000001011110000110111001100101
01111101101010011110010101001001111010000110001110101110011111001100111000001100101000010100111000000110110100101001001011000100
01110001010010100001101110000101010000100101000010001000111100010111111000000111000001001001010010100100000011011100100100011110
00110100110001010101000001011111001000011100101110111111011111001011000011110110111110000000011010000000001110110110111011110010
11010011000001101000100111110110111100111110110100011010100111111101111100010100011010000010010110011110101000110100011101111001
10111011001010110001100011100000010100010111000110000001010000100000110110101011100011001000100101000010001000011011110110001110
10001110111111101110110010000010111010010100101110010011111011010010010110100001000111010010011011000100000111001100111000011001
01001001111011111100110101100100011011111110110001100011100100010100000000111001011001110001110000110111101010110101011111010011
01101010101001000110000111000010001101110010000101110100111011101101010010100101111101001011011110000010010100001010010011110111
10110101011011001011000101101110000110101100110101101011010100001000010101010010111001011000000101110110110110000110010011010111
11011000001001100101000110010010100011101011110000010000101110110111010010000100011100100011101000101111010000010110100111110101
00001111101101001111101111001110011110110010011000110100100111101000110100111011011000100100101100000111010101110100010111001101
11011001110100110001010111010100000010010111000110110100000101011110110000100111100110011111101100000001111010101000000010001010
11011000101100101011101000110101100101001101111101100100011011101111100000111001100000101011100010011110010101100001110011010110
00100110001100011111100011010010011011110010000000000111100001111100010011111011001111110001010011110001000011111001101111010001
11010010001001101110011111110101111111110011101101010100110011110010110100011110101111001010111011100111111101111110101000001000
01111000110100011011010110000110100110001111011011110101101110101101101101101010111011101001110000010100110110010000101100110001
01011000101011000100011110000111100111100011011011010011111001110001001011111000010001011010100000111100100100110010011100111000
11100100101010101001011011100100100100000010001111110101001001111110011111101001010110110101000001111101101001011000110011111111
00001101100101011111001010100101100111000010001111001000011101110101111111010100110001010100110110011111101001000001101011011010
11001101100100000111011100111110010001010011100111111110010010011000111001011010011101010001010000110110011011111101001011010010
10100111111110110011001100000111101101111111110010001011010110001111001010000010101111100001001111110000110100010010011110111101
01101000001011010101001101100010111101000011100000001111001100010001101101110000110010101010000000010110101111101000000001010001
11110011001001110110101001001010110100111101111000011111011001110101011111001001010001011011111000101000101000000110110000100100
01110110111011001101001100011101010001100111010000101010110110111001001011111000001001011101000000010101101111001001110011100001
10111000100000011011100000110101101000001000100000101001110001101010110100100110001011010100011101100111110101011000000001101001
10001110100011111001010001111111010111001000001111111111010111000111100100010010010010000111000101111010000110100111111111110011
01111111101100011101101111100000001101011101111010100010101001011111010101001000101000100001110000101011110101001001101010111100
00011100111011000010100001100011011000111010001110110000111101000001100111011011010000000110010111100011111001101011000011101101
00110101111100110110011100101111010100011101010111011000100010010011100000111001101101101100110001111001110000010011011001000111
00011101110110110101000101101111011011000011101000100011010011100001000011010001101101111101000010011000111110011111111010001111
00000001010010011001110111001100101110110010010010110000010110000100010111010010100000110011111110111110010110111000110000011001
11000010100110000110101110001010111111001100101100101010011000011110111011001001010100010100000111000011000000001100010100010100
10111111010100111001100010110001110110001001010111011100101000111111000001111100010100110100000110001101000001101000101010111011
10000001000001010011101011110100000010000100011011000100100010000001110110011100100010101011001001010100111111101100111111111011
01011001001001101010110111011011100001110101010000001101101010010011001100101110000001111010010011111010010011110000011111001111
01101110110100111000001100001001000111101011010000000110010110100111110001111011001111100101000010010011010001101010011000101111
10101010111010001111010001101011000100010100010111010100111111100101011111101110111110100000010010011101100010100011010001101111
11111100001101110101111101011001100010010110100010101100000100011000101110101010100001010000010111111101011011100010000100000011
10010001110010100110011111001000011111101101100010100010010001100000010010101000000001101011010011110001001001010100000110000111
11111100110110010100111101111001011110010110011001101011100100111000110011110100100101101001000101011111000011011001100101101010
11010110110011010000100101010111100101011110010000010010001011011111000101010001000011100011000000000101010001010000111001110001
01100001101110110000110001001110100110110011000111010001111110011111001010001010101000111110111001100010111100100100100100010110
01010100111101001110111010111100010010111001011001100011110101100110011011110100001110100010001111101001101010010010100000001110
01011101000000110001011010001010100100101000001110001111111110110010011010001100010010010110101110110011000110010101011101111110
10101001110110101110011001111011111111100001011110110001100100000100101001000101011100000111101101010111001010111111001000100011
00101110100000110010000010100010010000101000010101100100100000010111100001001010010111110110110001001101111001001100010111100001
10110100111101101000000010110011100110100110001101101111111111110110000000110011010111011111001001010001100011110111001011110110
01110110000101110000100101100110100101101011111001100010010000010110110000100001100011110111010010110101001001110011000101000101
10000011111000110011001110110001111001001110110011011000110100011101000001000000110011110101111001100101110011100111101110101011
00001000110110010001100101010010000111100101101100111111001101001011100001111100111110001001010011111001011010100110100110010001
11010000010111110010000111000001100011000011000100110001001111111101011010011111111101011111101111001111110100001000110100100111
11001001010001001000100001001111111011011101110010011001101010000000000100000010110100011111100100000011001001101100110010101100
01110101101101110100101111100010010101001010110001101010111010010010100010110010101011001111101011000000010010011000111011100111
10100111101110100001111110100010101101010001111111010010100000001001001100100001110010000100111000101000101011101011110000010100
11111001001110010110100010101010000000010000111110000111111001100110001111110100010111110101110101010100111000010000011011011100
00011101100010000110100100011001111010101111001101010011110000100101111111000100110000110000001010100100110100111011100000110000
01011000011010111111010101100101110100011110111100000000010000000001011111100001101000001100110100110100101001010001111110110000
00110111001001001001111000000100001001010101110010111111110000100000011000000101110011010010011111100001101111011100011101101110
11111101001101101001110101101011110000001000110111111010011111111111000010001111001000101010110110110010010111000110010000011010
00100010001011101100100000110001111101101011000010000101001100000100111101011110111000110111011101010110000001000001010100110110
01000010111000101011000110111000100100010000011100010111000001001101110101100110010100100110000100111010110100011111100101110110
10011010100100001010100011110010101010000110000011001000010111001010001000101100100100010111101111001001110010001110100111101010
01110100001000100101000101111101100011100111100100001100101000011110010100001001001010001010011101011000000100011100110101001100
00111011001000101010101110011101101100111111010010100001101100100011100010010101000010010101010101101100011111011110101001100011
10110010100001110110000001110000110111111001000010110110010011101111010011000011001000001001111000010110111100100001101100000111
01010101110011001110000001010001010010100111110110001011111110001011000100101000111100110110010010101100011100110111010000010000
10010011001101110001011111100001111010111011101000010100101110101011010111101100011011001000100100001011111111100000011101011110
01110011000100001100000000111001000010000100000011111000101111110000101110110100001110100101011010101110011000001100000101011110
00111000000010101110001111001100010111010111011101111110111010101111011001001011100111011111101011001000000001101001110001011000
00110111101000000100010010100001101110000110010100110110000001010100011100100110111100111100000101011101011101010011101100101110
00000010000111101011111001000110101100100100010001101010001011001101000100010111011010101011111110100111001000111000000111100111
10001010101010001111001010011010101111100000110011100100010011111001111011011010001110100101000001100111110011010101110110011001
00001101011011110100010101011100001111010110100000010000010100011101001001101001110101001000000111010001111001100001000100101011
01000001000111110111000100100111101001111000110001111011010011100110111110100110000111100000100111101101001111111011000101111101
01000001000100011111111011110011101100000001101000101001101001110110001000011101011010111010011101000101000011010101110000110110
11010110110110100011011001101100010010011110110000001110101101011101001010100001011010010010001110111100100101101001011011110000
10100011011101101011100011110101111011010100111010101101011100001011000111110101100100110011111010111101110101100111001110100001
01111100001010111001101111000111110111011000111011101000111100001001010001111111100100111100110100011111001110011010001011111111
01101111100110110000010110101000010011011100111100110110010011010111011110011001010110111000000101011111001001111101011010001100
11101011011111000101111100011101110111010101011110100111000100111110101101001011010100000000111110000110100000100000100101000011
01011101100011100011101111111101011011101010000001100101001111111111101011100011111011000101101001101100001010011110010101111111
00101001110011001111100101101010101101001001001111011110101101110001110101010010010000011101000100000111011000111101000110010111
11111111110101111100000110011111110000101000111001110001010010111100001110111110011101101011001111000001111011110110101011111101
11000111101111110011010010101100101011011101111011110000100111010100110111001110000101100001101000011001101111101110110001000000
10000011110011111001111110111101111111100001001010110111001100000001010010101011101000101110100100111101001000101100111010010011
00100100100000001101111001110001001001101100011011101101010111000101111011011101111101110011011010001110011100110011101110000001
10111101111100000111010001000110010010010111001011001101011110011101001110110010101011100001110100101010111010100000100111100010
00110111111000100111101011010001001110100101001011110010111011001101010000010100010010110110000100001010110101101000100011001110
10101001111010010011111011110111000011010000011110000010001000100011101111001111101011100010000101011110000111100001000001011001
01011100000111110000101001101100010101010000010011110101011011001001110111001111001111110100100000110111100111010001101110110011
10011011111100001010010000000011101110011100111100001110011000001000010001100010010010010000110011101001001001000100101101000010
11001110001100111110001111100110010100010110101101100110101110110101101010100011100010101101010011011100011011000010000100110111
00010011000110110000111001101010111010001100101110110001111111001111011101101011001100111111011101110000110100100010011010010000
11001101111101010100111001101001011010101001100000101011011101100100111000111101010110011111110011110100011101111000100110101000
01011010011111110101111010001110111111100001101000000001110000101100110100101001011010110110011011101000010000001001100001101000
00110000110111110010110111111111000000111000010101010111000100011000101010110001101101110000100000011000000101101011001100110111
11101101110001001101010110110000000101110101000100101001111010010100110101110000010011001111000010000111011000011010000110101111
00101111000110110110100110001110000000001100110101011101101100111011011000001111111101010101111000110101110010011010101000000000
00001101101110010010001010000010100010110110010101110111010001100001111010100100001110101111100111001011100111001100100111010000
01000111111000000000010110100111010111000001101001100010011001000011010101001110101101111100100000001100101011011000000000110101
01111100001010110100111110000001001010010110000110111101000110100111010010110100001011010101011101000011001110001010111000110111
00100001101110011110011001110001110100111100101100111011011100000110100000100011110101010000111001011001110100000000000001100111
11110111100010100101110111111010001100001010011001100101010110111001101111011010000010010010100110111101110110001111010011100010
11001110001011001000000001010001110111110110001001110110110111001110101000100100010000001101111110011010110011010111111001100010
11101100010101100010110110111011110110010100010010111010111001100010010100001100110110110101101011000110001100110011100111101000
01000011101110010101111010010100000001100110010000000100000011110110000111011011101101110101001011111110101000101111110100100101
11110001011101000111000101101101000100110111110100111000110111011100110010000010110001101010010101111111010011001110101111110100
10110011100110010001010100100100111010110111100110011000110011100001000101000001110011011111101011111000011110110000010000111100
01110000100011111010011011101110110100011000111001100011011110001001011100100101101010001110110101010111100101101011100000010010
01100010101101011011001110011110001010111011100000010111011110011001000010011011011110010111101111110111010011110010011101110101
10000100000111111010010001000011010001100110001100011100010101100011101111011010101110101111101110110110000101111100101101011101
10010100010110010100101110001110101101010100100000111001010011100011001000100010100010010110011110010100010001011101000101110111
11001010010000010011000011111111000011111111101011010100000010001100110111011110011111000100001000001110000011011100011100000000
10100111011010001011001101010010000111101101001111110000000101011011110001111101001111010101111000100010001100111110001011001001
00100101100011010100010001011010100110011000110101101110100010010001001000010011010101101100001011100001100110011100010000010111
10011111101101100100011000000011100101001100110110011000001001011100101100001000100101010110011100011001010100011100000000110110
01111111100111001111000100000101000011011000001101111011111011101001001001111100010000110110100000010011111011111100001011011001
10011001101010111110011111011101101000100100001000000101000100101100000011001101110110100111110000101111111010000101001001010100
01110000010010011000101100111001100111000010111100011010000010111100010100011111101100011110010011100000010000010110001100111010
00100100111101000010101001000100110010000110000001110110010100000001001001110100010111100110111001000101000010010111010100000101
01000000001010011100101111101111000010010101111101110110101100000011101110100111010111000111010100111000101010101000011010011111
00010101011010111010001001100101110011001100101011000000000110101111001110010001001011111011010100010010110100010001101000111110
01110011000001010001001011101000101110001001011110100010101100011011010110101001111011101110111100001100100111000001000001001101
01101010101010101110111011010001110111001100100111101001010101001000111111101100010001110101110101110011011101110101001110110101
10010001000001110111000010111011011011001100000011101101111101101111001111101101011001100010101001101111110111100000111111111111
00100110000001000100011010000101111000011010110011111111001010101110100101111000000000110011110010111001111100111011011000101010
01101110000000000110110110000100101100010011010111010110111110001001100111010011010010000011101101011000101110011010000101101111
11011100110101101001001001111001011000001010011110000111010101100110011010111101111011100010101001100011001100001100111110000111
00011101110010100000111000111001001011001010100110101111001000100011010110110011110101000110011000001111001000000010000110001001
00001101110111110001001110010010001000111011110000110011100101111001001100001010011110011011001000110001101011111001111110101001
00110101101111101111000010010000111011110001101101111000100100101110111001110010111110011000000100011011001111010000001001110101
01011000100011100101011101001100001001111111011001001100111011010101111101110111101011100011100000111101111111001101100011000100
11101010000001000001110101000101000101100101100011110111110110010010101100001011110011101111101010000000010101111100100111101101
11110100001010100010001111001110000011110100111001011100010100011000100111111101101110110010000001111000110010010111100001111111
10110000011101010100110011010100000100000000100010100010100110001010110011111011110110001001010010010110001001001100100011100111
10001101010110011111000101001001100011010100011111011001110101111001100010001000011101111000001010101011010010010111011010100000
11010110001111010000010111100110101101000100101011101100100101111110100110000100101110111010000101101110010110001011110000000011
01110100110111101101111001111110011110101101110111010110011101001110010001011111001011011001100000011011010100101000100110011011
11010011010000011001101001000101100101001000010100110111100011101010001110010111011010110100011110000101001001100100101100100000
11110100001100100100101001101100101111111010111100010111000001100111010011101000111100011111001111010001001000101110110000010100
10111100010010111010100011000111110001100000101010101011000101100010011100101011110101101010111110110010111011111111111111110010
11010100111001011101001001111110110101011001011011101011110000001101000110001100010110100110101101110100110111001001100011001001
01000111100011101010110010111001101010001101011100111100101011011111101111000010100110000110110010011100110010011011101010111100
11010110110100110010001101101110000000001010001101110111101011100111110001111011010001011011101110011010110111001011010100101010
10111100000110110011000101101111111010010000110000110011100110010010111010101110101011000100001001011110100100000101001100000011
10011011011110001111111001010101010110010100001100111110000100110111110000000010000111011011100111111110101100110110001110000111
00110010101001110100001001000000000111001100101010001000101110001111100110010101011100110100100110100000110010110110000000001101
11000101101011000101000010000100000100101100011011100111100100111100011001101101111001010011010110100100011011111010101000011100
01111010100100010000101000110001111110010011000001100101101011111000011011010110101010010001010000001001001001110010000001111111
11100000110111001010100101100000011011001000010000000101001000110101100111010110010000101111011111001001000101111110000110100100
11001010001011110101001010101001000010011010101110011101001000001100101001000011011001001000011111111100110110100011101011101110
11010011010011001001010001111001111110101000100100011000101010110111101101101010010110001110111011011100001111000010010111010011
00111001000101111001110111110000011101010101101100110011010011110110101100111000010111101110010110101010111000100000001001100011
11100101010111111101111111001110111111011110011100101010011001010100110111000111111001000110100000110100100111100101010110001110
00001000001011110101010010100011111001100011101101010010010001000110000011011110100111000010111010001000100001100001110000010011
10101000100010100000101011011011110100001001110010010011001110011111111011110010010001010110110000000001111111101001101011000100
10100001001100010010100100011101001011000001110000101000000100111000000100110100000101011111011000000000000001011000001000111111
11010110110100001100001111001110000010010010001001010010000101101011000110001001101101000001011000000000100110011001010110011101
01010110100111011011001011110100111011011100001001010101100010101110111001000111011101011011110011101010001101101111110100000001
11010100010110111001101110001010100111100011101000001100010110000001000000000101000010011010110101111011011011110001001101111101
11011001000111011001111001100111011000001000000110001010111010010111101011111111000011101111110111110110101110011010010001001101
11011000000010001101000111110011101101010001101100110101111100111101110101111001001000001011010100110110011100011011111101101000