00100000000000000000000000000001000000000000000000001000000000000010000000000000000000000000000111100000001101111111111111111111
00100000000000000000000000000001111111101000010110110111001110010010000000000000000000000000000101000000100100001010010000000110
00100000000000000000000001000001000000000000000000001000000000000010000000000000000000000100000111100000001101111111111111111111
00100000000000000000000001000001111111101000010110110111001110010010000000000000000000000100000101000000100100001010010000000110
00100000000000000000000100000001000000000000000000001000000000000010000000000000000000010000000111100000001101111111111111111111
00100000000000000000000100000001111111101000010110110111001110010010000000000000000000010000000101000000100100001010010000000110
00100000000000000000000101000001000000000000000000001000000000000010000000000000000000010100000111100000001101111111111111111111
00100000000000000000000101000001111111101000010110110111001110010010000000000000000000010100000101000000100100001010010000000110
00100000000000000000010000000001000000000000000000001000000000000010000000000000000001000000000111100000001101111111111111111111
00100000000000000000010000000001111111101000010110110111001110010010000000000000000001000000000101000000100100001010010000000110
00100000000000000000010001000001000000000000000000001000000000000010000000000000000001000100000111100000001101111111111111111111
00100000000000000000010001000001111111101000010110110111001110010010000000000000000001000100000101000000100100001010010000000110
00100000000000000000010100000001000000000000000000001000000000000010000000000000000001010000000111100000001101111111111111111111
00100000000000000000010100000001111111101000010110110111001110010010000000000000000001010000000101000000100100001010010000000110
00100000000000000000010101000001000000000000000000001000000000000010000000000000000001010100000111100000001101111111111111111111
00100000000000000000010101000001111111101000010110110111001110010010000000000000000001010100000101000000100100001010010000000100
00100000000000000000000000100001000000000000000000001000000000000010000000000000000000000010000111100000001101000000000000000000
00100000000000000000000000100001000011101101010010100011001110010010000000000000000000000010000101000000100100001010010000000110
00100000000000000000000001100001000000000000000000001000000000000010000000000000000000000110000111100000001101000000000000000000
00100000000000000000000001100001000011101101010010100011001110010010000000000000000000000110000101000000100100001010010000000110
00100000000000000000000100100001000000000000000000001000000000000010000000000000000000010010000111100000001101000000000000000000
00100000000000000000000100100001000011101101010010100011001110010010000000000000000000010010000101000000100100001010010000000110
00100000000000000000000101100001000000000000000000001000000000000010000000000000000000010110000111100000001101000000000000000000
00100000000000000000000101100001000011101101010010100011001110010010000000000000000000010110000101000000100100001010010000000110
00100000000000000000010000100001000000000000000000001000000000000010000000000000000001000010000111100000001101000000000000000000
00100000000000000000010000100001000011101101010010100011001110010010000000000000000001000010000101000000100100001010010000000110
00100000000000000000010001100001000000000000000000001000000000000010000000000000000001000110000111100000001101000000000000000000
00100000000000000000010001100001000011101101010010100011001110010010000000000000000001000110000101000000100100001010010000000110
00100000000000000000010100100001000000000000000000001000000000000010000000000000000001010010000111100000001101000000000000000000
00100000000000000000010100100001000011101101010010100011001110010010000000000000000001010010000101000000100100001010010000000110
00100000000000000000010101100001000000000000000000001000000000000010000000000000000001010110000111100000001101000000000000000000
00100000000000000000010101100001000011101101010010100011001110010010000000000000000001010110000101000000100100001010010000000100
00100000000000000000000010000001000000000000000000001000000000000010000000000000000000001000000111100000001101111111111111111111
00100000000000000000000010000001111011111010000011101011001110010010000000000000000000001000000101000000100100001010010000000110
00100000000000000000000011000001000000000000000000001000000000000010000000000000000000001100000111100000001101111111111111111111
00100000000000000000000011000001111011111010000011101011001110010010000000000000000000001100000101000000100100001010010000000110
00100000000000000000000110000001000000000000000000001000000000000010000000000000000000011000000111100000001101111111111111111111
00100000000000000000000110000001111011111010000011101011001110010010000000000000000000011000000101000000100100001010010000000110
00100000000000000000000111000001000000000000000000001000000000000010000000000000000000011100000111100000001101111111111111111111
00100000000000000000000111000001111011111010000011101011001110010010000000000000000000011100000101000000100100001010010000000110
00100000000000000000010010000001000000000000000000001000000000000010000000000000000001001000000111100000001101111111111111111111
00100000000000000000010010000001111011111010000011101011001110010010000000000000000001001000000101000000100100001010010000000110
00100000000000000000010011000001000000000000000000001000000000000010000000000000000001001100000111100000001101111111111111111111
00100000000000000000010011000001111011111010000011101011001110010010000000000000000001001100000101000000100100001010010000000110
00100000000000000000010110000001000000000000000000001000000000000010000000000000000001011000000111100000001101111111111111111111
00100000000000000000010110000001111011111010000011101011001110010010000000000000000001011000000101000000100100001010010000000110
00100000000000000000010111000001000000000000000000001000000000000010000000000000000001011100000111100000001101111111111111111111
00100000000000000000010111000001111011111010000011101011001110010010000000000000000001011100000101000000100100001010010000000100
00100000000000000000000010100001000000000000000000001000000000000010000000000000000000001010000111100000001101000000000000000000
00100000000000000000000010100001000101101001110101110111001110010010000000000000000000001010000101000000100100001010010000000110
00100000000000000000000011100001000000000000000000001000000000000010000000000000000000001110000111100000001101000000000000000000
00100000000000000000000011100001000101101001110101110111001110010010000000000000000000001110000101000000100100001010010000000110
00100000000000000000000110100001000000000000000000001000000000000010000000000000000000011010000111100000001101000000000000000000
00100000000000000000000110100001000101101001110101110111001110010010000000000000000000011010000101000000100100001010010000000110
00100000000000000000000111100001000000000000000000001000000000000010000000000000000000011110000111100000001101000000000000000000
00100000000000000000000111100001000101101001110101110111001110010010000000000000000000011110000101000000100100001010010000000110
00100000000000000000010010100001000000000000000000001000000000000010000000000000000001001010000111100000001101000000000000000000
00100000000000000000010010100001000101101001110101110111001110010010000000000000000001001010000101000000100100001010010000000110
00100000000000000000010011100001000000000000000000001000000000000010000000000000000001001110000111100000001101000000000000000000
00100000000000000000010011100001000101101001110101110111001110010010000000000000000001001110000101000000100100001010010000000110
00100000000000000000010110100001000000000000000000001000000000000010000000000000000001011010000111100000001101000000000000000000
00100000000000000000010110100001000101101001110101110111001110010010000000000000000001011010000101000000100100001010010000000110
00100000000000000000010111100001000000000000000000001000000000000010000000000000000001011110000111100000001101000000000000000000
00100000000000000000010111100001000101101001110101110111001110010010000000000000000001011110000101000000100100001010010000000100
00100000000000000000001000000001000000000000000000001000000000000010000000000000000000100000000111100000001101111111111111111111
00100000000000000000001000000001111110100011110001101111001110010010000000000000000000100000000101000000100100001010010000000110
00100000000000000000001001000001000000000000000000001000000000000010000000000000000000100100000111100000001101111111111111111111
00100000000000000000001001000001111110100011110001101111001110010010000000000000000000100100000101000000100100001010010000000110
00100000000000000000001100000001000000000000000000001000000000000010000000000000000000110000000111100000001101111111111111111111
00100000000000000000001100000001111110100011110001101111001110010010000000000000000000110000000101000000100100001010010000000110
00100000000000000000001101000001000000000000000000001000000000000010000000000000000000110100000111100000001101111111111111111111
00100000000000000000001101000001111110100011110001101111001110010010000000000000000000110100000101000000100100001010010000000110
00100000000000000000011000000001000000000000000000001000000000000010000000000000000001100000000111100000001101111111111111111111
00100000000000000000011000000001111110100011110001101111001110010010000000000000000001100000000101000000100100001010010000000110
00100000000000000000011001000001000000000000000000001000000000000010000000000000000001100100000111100000001101111111111111111111
00100000000000000000011001000001111110100011110001101111001110010010000000000000000001100100000101000000100100001010010000000110
00100000000000000000011100000001000000000000000000001000000000000010000000000000000001110000000111100000001101111111111111111111
00100000000000000000011100000001111110100011110001101111001110010010000000000000000001110000000101000000100100001010010000000110
00100000000000000000011101000001000000000000000000001000000000000010000000000000000001110100000111100000001101111111111111111111
00100000000000000000011101000001111110100011110001101111001110010010000000000000000001110100000101000000100100001010010000000100
00100000000000000000001000100001000000000000000000001000000000000010000000000000000000100010000111100000001101000000000000000000
00100000000000000000001000100001000001111110010011100011001110010010000000000000000000100010000101000000100100001010010000000110
00100000000000000000001001100001000000000000000000001000000000000010000000000000000000100110000111100000001101000000000000000000
00100000000000000000001001100001000001111110010011100011001110010010000000000000000000100110000101000000100100001010010000000110
00100000000000000000001100100001000000000000000000001000000000000010000000000000000000110010000111100000001101000000000000000000
00100000000000000000001100100001000001111110010011100011001110010010000000000000000000110010000101000000100100001010010000000110
00100000000000000000001101100001000000000000000000001000000000000010000000000000000000110110000111100000001101000000000000000000
00100000000000000000001101100001000001111110010011100011001110010010000000000000000000110110000101000000100100001010010000000110
00100000000000000000011000100001000000000000000000001000000000000010000000000000000001100010000111100000001101000000000000000000
00100000000000000000011000100001000001111110010011100011001110010010000000000000000001100010000101000000100100001010010000000110
00100000000000000000011001100001000000000000000000001000000000000010000000000000000001100110000111100000001101000000000000000000
00100000000000000000011001100001000001111110010011100011001110010010000000000000000001100110000101000000100100001010010000000110
00100000000000000000011100100001000000000000000000001000000000000010000000000000000001110010000111100000001101000000000000000000
00100000000000000000011100100001000001111110010011100011001110010010000000000000000001110010000101000000100100001010010000000110
00100000000000000000011101100001000000000000000000001000000000000010000000000000000001110110000111100000001101000000000000000000
00100000000000000000011101100001000001111110010011100011001110010010000000000000000001110110000101000000100100001010010000000100
00100000000000000000001010000001000000000000000000001000000000000010000000000000000000101000000111100000001101000000000000000000
00100000000000000000001010000001000001010001010111100111001110010010000000000000000000101000000101000000100100001010010000000110
00100000000000000000001011000001000000000000000000001000000000000010000000000000000000101100000111100000001101000000000000000000
00100000000000000000001011000001000001010001010111100111001110010010000000000000000000101100000101000000100100001010010000000110
00100000000000000000001110000001000000000000000000001000000000000010000000000000000000111000000111100000001101000000000000000000
00100000000000000000001110000001000001010001010111100111001110010010000000000000000000111000000101000000100100001010010000000110
00100000000000000000001111000001000000000000000000001000000000000010000000000000000000111100000111100000001101000000000000000000
00100000000000000000001111000001000001010001010111100111001110010010000000000000000000111100000101000000100100001010010000000110
00100000000000000000011010000001000000000000000000001000000000000010000000000000000001101000000111100000001101000000000000000000
00100000000000000000011010000001000001010001010111100111001110010010000000000000000001101000000101000000100100001010010000000110
00100000000000000000011011000001000000000000000000001000000000000010000000000000000001101100000111100000001101000000000000000000
00100000000000000000011011000001000001010001010111100111001110010010000000000000000001101100000101000000100100001010010000000110
00100000000000000000011110000001000000000000000000001000000000000010000000000000000001111000000111100000001101000000000000000000
00100000000000000000011110000001000001010001010111100111001110010010000000000000000001111000000101000000100100001010010000000110
00100000000000000000011111000001000000000000000000001000000000000010000000000000000001111100000111100000001101000000000000000000
00100000000000000000011111000001000001010001010111100111001110010010000000000000000001111100000101000000100100001010010000000100
00100000000000000000001010100001000000000000000000001000000000000010000000000000000000101010000111100000001101111111111111111111
00100000000000000000001010100001111011101100101101011011001110010010000000000000000000101010000101000000100100001010010000000110
00100000000000000000001011100001000000000000000000001000000000000010000000000000000000101110000111100000001101111111111111111111
00100000000000000000001011100001111011101100101101011011001110010010000000000000000000101110000101000000100100001010010000000110
00100000000000000000001110100001000000000000000000001000000000000010000000000000000000111010000111100000001101111111111111111111
00100000000000000000001110100001111011101100101101011011001110010010000000000000000000111010000101000000100100001010010000000110
00100000000000000000001111100001000000000000000000001000000000000010000000000000000000111110000111100000001101111111111111111111
00100000000000000000001111100001111011101100101101011011001110010010000000000000000000111110000101000000100100001010010000000110
00100000000000000000011010100001000000000000000000001000000000000010000000000000000001101010000111100000001101111111111111111111
00100000000000000000011010100001111011101100101101011011001110010010000000000000000001101010000101000000100100001010010000000110
00100000000000000000011011100001000000000000000000001000000000000010000000000000000001101110000111100000001101111111111111111111
00100000000000000000011011100001111011101100101101011011001110010010000000000000000001101110000101000000100100001010010000000110
00100000000000000000011110100001000000000000000000001000000000000010000000000000000001111010000111100000001101111111111111111111
00100000000000000000011110100001111011101100101101011011001110010010000000000000000001111010000101000000100100001010010000000110
00100000000000000000011111100001000000000000000000001000000000000010000000000000000001111110000111100000001101111111111111111111
00100000000000000000011111100001111011101100101101011011001110010010000000000000000001111110000101000000100100001010010000000100
00100000000000000000100000000001000000000000000000001000000000000010000000000000000010000000000111100000001101000000000000000000
00100000000000000000100000000001000011010011010101000011001110010010000000000000000010000000000101000000100100001010010000000110
00100000000000000000100001000001000000000000000000001000000000000010000000000000000010000100000111100000001101000000000000000000
00100000000000000000100001000001000011010011010101000011001110010010000000000000000010000100000101000000100100001010010000000110
00100000000000000000100100000001000000000000000000001000000000000010000000000000000010010000000111100000001101000000000000000000
00100000000000000000100100000001000011010011010101000011001110010010000000000000000010010000000101000000100100001010010000000110
00100000000000000000100101000001000000000000000000001000000000000010000000000000000010010100000111100000001101000000000000000000
00100000000000000000100101000001000011010011010101000011001110010010000000000000000010010100000101000000100100001010010000000110
00100000000000000000110000000001000000000000000000001000000000000010000000000000000011000000000111100000001101000000000000000000
00100000000000000000110000000001000011010011010101000011001110010010000000000000000011000000000101000000100100001010010000000110
00100000000000000000110001000001000000000000000000001000000000000010000000000000000011000100000111100000001101000000000000000000
00100000000000000000110001000001000011010011010101000011001110010010000000000000000011000100000101000000100100001010010000000110
00100000000000000000110100000001000000000000000000001000000000000010000000000000000011010000000111100000001101000000000000000000
00100000000000000000110100000001000011010011010101000011001110010010000000000000000011010000000101000000100100001010010000000110
00100000000000000000110101000001000000000000000000001000000000000010000000000000000011010100000111100000001101000000000000000000
00100000000000000000110101000001000011010011010101000011001110010010000000000000000011010100000101000000100100001010010000000100
00100000000000000000100000100001000000000000000000001000000000000010000000000000000010000010000111100000001101000000000000000000
00100000000000000000100000100001000011001001011010011111001110010010000000000000000010000010000101000000100100001010000000000110
00100000000000000000100001100001000000000000000000001000000000000010000000000000000010000110000111100000001101000000000000000000
00100000000000000000100001100001000011001001011010011111001110010010000000000000000010000110000101000000100100001010000000000110
00100000000000000000100100100001000000000000000000001000000000000010000000000000000010010010000111100000001101000000000000000000
00100000000000000000100100100001000011001001011010011111001110010010000000000000000010010010000101000000100100001010000000000110
00100000000000000000100101100001000000000000000000001000000000000010000000000000000010010110000111100000001101000000000000000000
00100000000000000000100101100001000011001001011010011111001110010010000000000000000010010110000101000000100100001010000000000110
00100000000000000000110000100001000000000000000000001000000000000010000000000000000011000010000111100000001101000000000000000000
00100000000000000000110000100001000011001001011010011111001110010010000000000000000011000010000101000000100100001010000000000110
00100000000000000000110001100001000000000000000000001000000000000010000000000000000011000110000111100000001101000000000000000000
00100000000000000000110001100001000011001001011010011111001110010010000000000000000011000110000101000000100100001010000000000110
00100000000000000000110100100001000000000000000000001000000000000010000000000000000011010010000111100000001101000000000000000000
00100000000000000000110100100001000011001001011010011111001110010010000000000000000011010010000101000000100100001010000000000110
00100000000000000000110101100001000000000000000000001000000000000010000000000000000011010110000111100000001101000000000000000000
00100000000000000000110101100001000011001001011010011111001110010010000000000000000011010110000101000000100100001010000000000100
00100000000000000000111111110010000000000000000000000000000000000010000000000000000000000000001100000000000000000000000000000000
11111111111111000000011110010000000000001011011111111111111111110000000000000000000000000000000000000000000000000000000000000000
01100000010000001000000100000000000000000000000000000000000000000110000010000000010000000000000000000111110000001111100000001001
01100000110000011100000000000000000000000000000000111000000000000110000100000000000000111110000000000001100000000000000001001001
01100001010000000000000000000000000000000000000000000000000000110110000000000000000111000000000000000111000000001001110100000000
01100000010000001000000100000000000000000000000000000000000000000110000010000000010000000000000000000111110000001111100000001001
01100000110000100101000000000000000000001000000001001000000010010110000100111111000000111101111110000001011100000000000000000000
01100001010000000000000000000000110000000010100000000000000000110110000000000000000111000100000000001001000100000111110100000000
01100100010000000010000010000000000000000000000000000000000000000110010010000000000100100000000000000010000000000100100000001001
01100100110000100100000000000000000000000000000001001000000000000110010100000000000000010000000000000000000000000000000001001001
01100101010000000000000000000000000000000000000000000000000001100110010000000000001111000000000000001111000000001000111001000000
01100100010000000010000010000000000000000000000000000000000000000110010010000000000100100000000000000010000000000100100000001001
01100100110000100101000011111110000000100000000001001000000010010110010100000000000000000000000000000000000000000000000000000000
01100101010000000000000000000010010000000010110010000000000001100110010000000000001001000100000000001001000100000110111001000000
01101010010000001000000100000000000000000000000000000000000000000110101010000000010000000000000000000111110000001111100000001001
01101010110000011110010000000000000000000000000000111000000010010110101100000000000000111110000000000001100000000000000000000010
01101011010000000000000000000000001000000001011010000000000010010110101000000000000111001001000000000111001001010011100010000000
01101010010000001000000100000000000000000000000000000000000000000110101010000000010000000000000000000111110000001111100000001001
01101010110000011100000000000000000000000000000000111000000000000110101100000000000000111110000000000001100000000000000001001001
01101011010000000000000000000000000000000000000000000000000010010110101000000000000111000000000000000111000000001101100010000000
