00100000000000000000000000000001000000000000000000000000000000000010000000000000000000000000000100000000000000000000000000000000
00100000000000000000000000000001000000000000000000000011000011010010000000000000000000000000000101000000000010010000100000000000
00100000000000000000000001000001000000000000000000000000000000000010000000000000000000000100000100000000000000000000000000000000
00100000000000000000000001000001000000000000000000000011000011010010000000000000000000000100000101000000000010010000100000000000
00100000000000000000000100000001000000000000000000000000000000000010000000000000000000010000000100000000000000000000000000000000
00100000000000000000000100000001000000000000000000000011000011010010000000000000000000010000000101000000000010010000100000000000
00100000000000000000000101000001000000000000000000000000000000000010000000000000000000010100000100000000000000000000000000000000
00100000000000000000000101000001000000000000000000000011000011010010000000000000000000010100000101000000000010010000100000000000
00100000000000000000010000000001000000000000000000000000000000000010000000000000000001000000000100000000000000000000000000000000
00100000000000000000010000000001000000000000000000000011000011010010000000000000000001000000000101000000000010010000100000000000
00100000000000000000010001000001000000000000000000000000000000000010000000000000000001000100000100000000000000000000000000000000
00100000000000000000010001000001000000000000000000000011000011010010000000000000000001000100000101000000000010010000100000000000
00100000000000000000010100000001000000000000000000000000000000000010000000000000000001010000000100000000000000000000000000000000
00100000000000000000010100000001000000000000000000000011000011010010000000000000000001010000000101000000000010010000100000000000
00100000000000000000010101000001000000000000000000000000000000000010000000000000000001010100000100000000000000000000000000000000
00100000000000000000010101000001000000000000000000000011000011010010000000000000000001010100000101000000000010010000100000000000
00100000000000000000000000100001000000000000000000000000000000000010000000000000000000000010000100000000000000000000000000000000
00100000000000000000000000100001000000000000000000000000000000000010000000000000000000000010000100000000000000000000010000000000
00100000000000000000000001100001000000000000000000000000000000000010000000000000000000000110000100000000000000000000000000000000
00100000000000000000000001100001000000000000000000000000000000000010000000000000000000000110000100000000000000000000010000000000
00100000000000000000000100100001000000000000000000000000000000000010000000000000000000010010000100000000000000000000000000000000
00100000000000000000000100100001000000000000000000000000000000000010000000000000000000010010000100000000000000000000010000000000
00100000000000000000000101100001000000000000000000000000000000000010000000000000000000010110000100000000000000000000000000000000
00100000000000000000000101100001000000000000000000000000000000000010000000000000000000010110000100000000000000000000010000000000
00100000000000000000010000100001000000000000000000000000000000000010000000000000000001000010000100000000000000000000000000000000
00100000000000000000010000100001000000000000000000000000000000000010000000000000000001000010000100000000000000000000010000000000
00100000000000000000010001100001000000000000000000000000000000000010000000000000000001000110000100000000000000000000000000000000
00100000000000000000010001100001000000000000000000000000000000000010000000000000000001000110000100000000000000000000010000000000
00100000000000000000010100100001000000000000000000000000000000000010000000000000000001010010000100000000000000000000000000000000
00100000000000000000010100100001000000000000000000000000000000000010000000000000000001010010000100000000000000000000010000000000
00100000000000000000010101100001000000000000000000000000000000000010000000000000000001010110000100000000000000000000000000000000
00100000000000000000010101100001000000000000000000000000000000000010000000000000000001010110000100000000000000000000010000000000
00100000000000000000000010000001000000000000000000000000000000000010000000000000000000001000000100000000000000000000000000000000
00100000000000000000000010000001000000000000000000000000000000000010000000000000000000001000000100000000000000000000010000000000
00100000000000000000000011000001000000000000000000000000000000000010000000000000000000001100000100000000000000000000000000000000
00100000000000000000000011000001000000000000000000000000000000000010000000000000000000001100000100000000000000000000010000000000
00100000000000000000000110000001000000000000000000000000000000000010000000000000000000011000000100000000000000000000000000000000
00100000000000000000000110000001000000000000000000000000000000000010000000000000000000011000000100000000000000000000010000000000
00100000000000000000000111000001000000000000000000000000000000000010000000000000000000011100000100000000000000000000000000000000
00100000000000000000000111000001000000000000000000000000000000000010000000000000000000011100000100000000000000000000010000000000
00100000000000000000010010000001000000000000000000000000000000000010000000000000000001001000000100000000000000000000000000000000
00100000000000000000010010000001000000000000000000000000000000000010000000000000000001001000000100000000000000000000010000000000
00100000000000000000010011000001000000000000000000000000000000000010000000000000000001001100000100000000000000000000000000000000
00100000000000000000010011000001000000000000000000000000000000000010000000000000000001001100000100000000000000000000010000000000
00100000000000000000010110000001000000000000000000000000000000000010000000000000000001011000000100000000000000000000000000000000
00100000000000000000010110000001000000000000000000000000000000000010000000000000000001011000000100000000000000000000010000000000
00100000000000000000010111000001000000000000000000000000000000000010000000000000000001011100000100000000000000000000000000000000
00100000000000000000010111000001000000000000000000000000000000000010000000000000000001011100000100000000000000000000010000000000
00100000000000000000000010100001000000000000000000000000000000000010000000000000000000001010000100000000000000000000000000000000
00100000000000000000000010100001000000000000000000000000000000000010000000000000000000001010000100000000000000000000010000000000
00100000000000000000000011100001000000000000000000000000000000000010000000000000000000001110000100000000000000000000000000000000
00100000000000000000000011100001000000000000000000000000000000000010000000000000000000001110000100000000000000000000010000000000
00100000000000000000000110100001000000000000000000000000000000000010000000000000000000011010000100000000000000000000000000000000
00100000000000000000000110100001000000000000000000000000000000000010000000000000000000011010000100000000000000000000010000000000
00100000000000000000000111100001000000000000000000000000000000000010000000000000000000011110000100000000000000000000000000000000
00100000000000000000000111100001000000000000000000000000000000000010000000000000000000011110000100000000000000000000010000000000
00100000000000000000010010100001000000000000000000000000000000000010000000000000000001001010000100000000000000000000000000000000
00100000000000000000010010100001000000000000000000000000000000000010000000000000000001001010000100000000000000000000010000000000
00100000000000000000010011100001000000000000000000000000000000000010000000000000000001001110000100000000000000000000000000000000
00100000000000000000010011100001000000000000000000000000000000000010000000000000000001001110000100000000000000000000010000000000
00100000000000000000010110100001000000000000000000000000000000000010000000000000000001011010000100000000000000000000000000000000
00100000000000000000010110100001000000000000000000000000000000000010000000000000000001011010000100000000000000000000010000000000
00100000000000000000010111100001000000000000000000000000000000000010000000000000000001011110000100000000000000000000000000000000
00100000000000000000010111100001000000000000000000000000000000000010000000000000000001011110000100000000000000000000010000000000
00100000000000000000001000000001000000000000000000000000000000000010000000000000000000100000000100000000000000000000000000000000
00100000000000000000001000000001000000000000000000000000000000000010000000000000000000100000000100000000000000000000010000000000
00100000000000000000001001000001000000000000000000000000000000000010000000000000000000100100000100000000000000000000000000000000
00100000000000000000001001000001000000000000000000000000000000000010000000000000000000100100000100000000000000000000010000000000
00100000000000000000001100000001000000000000000000000000000000000010000000000000000000110000000100000000000000000000000000000000
00100000000000000000001100000001000000000000000000000000000000000010000000000000000000110000000100000000000000000000010000000000
00100000000000000000001101000001000000000000000000000000000000000010000000000000000000110100000100000000000000000000000000000000
00100000000000000000001101000001000000000000000000000000000000000010000000000000000000110100000100000000000000000000010000000000
00100000000000000000011000000001000000000000000000000000000000000010000000000000000001100000000100000000000000000000000000000000
00100000000000000000011000000001000000000000000000000000000000000010000000000000000001100000000100000000000000000000010000000000
00100000000000000000011001000001000000000000000000000000000000000010000000000000000001100100000100000000000000000000000000000000
00100000000000000000011001000001000000000000000000000000000000000010000000000000000001100100000100000000000000000000010000000000
00100000000000000000011100000001000000000000000000000000000000000010000000000000000001110000000100000000000000000000000000000000
00100000000000000000011100000001000000000000000000000000000000000010000000000000000001110000000100000000000000000000010000000000
00100000000000000000011101000001000000000000000000000000000000000010000000000000000001110100000100000000000000000000000000000000
00100000000000000000011101000001000000000000000000000000000000000010000000000000000001110100000100000000000000000000010000000000
00100000000000000000001000100001000000000000000000000000000000000010000000000000000000100010000100000000000000000000000000000000
00100000000000000000001000100001000000000000000000000000000000000010000000000000000000100010000100000000000000000000010000000000
00100000000000000000001001100001000000000000000000000000000000000010000000000000000000100110000100000000000000000000000000000000
00100000000000000000001001100001000000000000000000000000000000000010000000000000000000100110000100000000000000000000010000000000
00100000000000000000001100100001000000000000000000000000000000000010000000000000000000110010000100000000000000000000000000000000
00100000000000000000001100100001000000000000000000000000000000000010000000000000000000110010000100000000000000000000010000000000
00100000000000000000001101100001000000000000000000000000000000000010000000000000000000110110000100000000000000000000000000000000
00100000000000000000001101100001000000000000000000000000000000000010000000000000000000110110000100000000000000000000010000000000
00100000000000000000011000100001000000000000000000000000000000000010000000000000000001100010000100000000000000000000000000000000
00100000000000000000011000100001000000000000000000000000000000000010000000000000000001100010000100000000000000000000010000000000
00100000000000000000011001100001000000000000000000000000000000000010000000000000000001100110000100000000000000000000000000000000
00100000000000000000011001100001000000000000000000000000000000000010000000000000000001100110000100000000000000000000010000000000
00100000000000000000011100100001000000000000000000000000000000000010000000000000000001110010000100000000000000000000000000000000
00100000000000000000011100100001000000000000000000000000000000000010000000000000000001110010000100000000000000000000010000000000
00100000000000000000011101100001000000000000000000000000000000000010000000000000000001110110000100000000000000000000000000000000
00100000000000000000011101100001000000000000000000000000000000000010000000000000000001110110000100000000000000000000010000000000
00100000000000000000001010000001000000000000000000000000000000000010000000000000000000101000000100000000000000000000000000000000
00100000000000000000001010000001000000000000000000000000000000000010000000000000000000101000000100000000000000000000010000000000
00100000000000000000001011000001000000000000000000000000000000000010000000000000000000101100000100000000000000000000000000000000
00100000000000000000001011000001000000000000000000000000000000000010000000000000000000101100000100000000000000000000010000000000
00100000000000000000001110000001000000000000000000000000000000000010000000000000000000111000000100000000000000000000000000000000
00100000000000000000001110000001000000000000000000000000000000000010000000000000000000111000000100000000000000000000010000000000
00100000000000000000001111000001000000000000000000000000000000000010000000000000000000111100000100000000000000000000000000000000
00100000000000000000001111000001000000000000000000000000000000000010000000000000000000111100000100000000000000000000010000000000
00100000000000000000011010000001000000000000000000000000000000000010000000000000000001101000000100000000000000000000000000000000
00100000000000000000011010000001000000000000000000000000000000000010000000000000000001101000000100000000000000000000010000000000
00100000000000000000011011000001000000000000000000000000000000000010000000000000000001101100000100000000000000000000000000000000
00100000000000000000011011000001000000000000000000000000000000000010000000000000000001101100000100000000000000000000010000000000
00100000000000000000011110000001000000000000000000000000000000000010000000000000000001111000000100000000000000000000000000000000
00100000000000000000011110000001000000000000000000000000000000000010000000000000000001111000000100000000000000000000010000000000
00100000000000000000011111000001000000000000000000000000000000000010000000000000000001111100000100000000000000000000000000000000
00100000000000000000011111000001000000000000000000000000000000000010000000000000000001111100000100000000000000000000010000000000
00100000000000000000001010100001000000000000000000000000000000000010000000000000000000101010000100000000000000000000000000000000
00100000000000000000001010100001000000000000000000000000000000000010000000000000000000101010000100000000000000000000010000000000
00100000000000000000001011100001000000000000000000000000000000000010000000000000000000101110000100000000000000000000000000000000
00100000000000000000001011100001000000000000000000000000000000000010000000000000000000101110000100000000000000000000010000000000
00100000000000000000001110100001000000000000000000000000000000000010000000000000000000111010000100000000000000000000000000000000
00100000000000000000001110100001000000000000000000000000000000000010000000000000000000111010000100000000000000000000010000000000
00100000000000000000001111100001000000000000000000000000000000000010000000000000000000111110000100000000000000000000000000000000
00100000000000000000001111100001000000000000000000000000000000000010000000000000000000111110000100000000000000000000010000000000
00100000000000000000011010100001000000000000000000000000000000000010000000000000000001101010000100000000000000000000000000000000
00100000000000000000011010100001000000000000000000000000000000000010000000000000000001101010000100000000000000000000010000000000
00100000000000000000011011100001000000000000000000000000000000000010000000000000000001101110000100000000000000000000000000000000
00100000000000000000011011100001000000000000000000000000000000000010000000000000000001101110000100000000000000000000010000000000
00100000000000000000011110100001000000000000000000000000000000000010000000000000000001111010000100000000000000000000000000000000
00100000000000000000011110100001000000000000000000000000000000000010000000000000000001111010000100000000000000000000010000000000
00100000000000000000011111100001000000000000000000000000000000000010000000000000000001111110000100000000000000000000000000000000
00100000000000000000011111100001000000000000000000000000000000000010000000000000000001111110000100000000000000000000010000000000
00100000000000000000100000000001000000000000000000000000000000000010000000000000000010000000000100000000000000000000000000000000
00100000000000000000100000000001000000000000000000000000000000000010000000000000000010000000000100000000000000000000010000000000
00100000000000000000100001000001000000000000000000000000000000000010000000000000000010000100000100000000000000000000000000000000
00100000000000000000100001000001000000000000000000000000000000000010000000000000000010000100000100000000000000000000010000000000
00100000000000000000100100000001000000000000000000000000000000000010000000000000000010010000000100000000000000000000000000000000
00100000000000000000100100000001000000000000000000000000000000000010000000000000000010010000000100000000000000000000010000000000
00100000000000000000100101000001000000000000000000000000000000000010000000000000000010010100000100000000000000000000000000000000
00100000000000000000100101000001000000000000000000000000000000000010000000000000000010010100000100000000000000000000010000000000
00100000000000000000110000000001000000000000000000000000000000000010000000000000000011000000000100000000000000000000000000000000
00100000000000000000110000000001000000000000000000000000000000000010000000000000000011000000000100000000000000000000010000000000
00100000000000000000110001000001000000000000000000000000000000000010000000000000000011000100000100000000000000000000000000000000
00100000000000000000110001000001000000000000000000000000000000000010000000000000000011000100000100000000000000000000010000000000
00100000000000000000110100000001000000000000000000000000000000000010000000000000000011010000000100000000000000000000000000000000
00100000000000000000110100000001000000000000000000000000000000000010000000000000000011010000000100000000000000000000010000000000
00100000000000000000110101000001000000000000000000000000000000000010000000000000000011010100000100000000000000000000000000000000
00100000000000000000110101000001000000000000000000000000000000000010000000000000000011010100000100000000000000000000010000000000
00100000000000000000100000100001000000000000000000000000000000000010000000000000000010000010000100000000000000000000000000000000
00100000000000000000100000100001000000000000000000000000000000000010000000000000000010000010000100000000000000000000010000000000
00100000000000000000100001100001000000000000000000000000000000000010000000000000000010000110000100000000000000000000000000000000
00100000000000000000100001100001000000000000000000000000000000000010000000000000000010000110000100000000000000000000010000000000
00100000000000000000100100100001000000000000000000000000000000000010000000000000000010010010000100000000000000000000000000000000
00100000000000000000100100100001000000000000000000000000000000000010000000000000000010010010000100000000000000000000010000000000
00100000000000000000100101100001000000000000000000000000000000000010000000000000000010010110000100000000000000000000000000000000
00100000000000000000100101100001000000000000000000000000000000000010000000000000000010010110000100000000000000000000010000000000
00100000000000000000110000100001000000000000000000000000000000000010000000000000000011000010000100000000000000000000000000000000
00100000000000000000110000100001000000000000000000000000000000000010000000000000000011000010000100000000000000000000010000000000
00100000000000000000110001100001000000000000000000000000000000000010000000000000000011000110000100000000000000000000000000000000
00100000000000000000110001100001000000000000000000000000000000000010000000000000000011000110000100000000000000000000010000000000
00100000000000000000110100100001000000000000000000000000000000000010000000000000000011010010000100000000000000000000000000000000
00100000000000000000110100100001000000000000000000000000000000000010000000000000000011010010000100000000000000000000010000000000
00100000000000000000110101100001000000000000000000000000000000000010000000000000000011010110000100000000000000000000000000000000
00100000000000000000110101100001000000000000000000000000000000000010000000000000000011010110000100000000000000000000010000000000
00100000000000000000111111110010000000000000000000000000000000000010000000000000000000000000001100000000000000000000000000000000
11111111111111100000011100001100000000001010101111111100000000000000000000000000000000000000000000000000000000000000000000000000
01100000010000001000000100000000000000000000000000000000000000000110000010000000010000000000000000000111110000001111100000001001
01100000110000011100000000000000000000000000000000111000000000000110000100000000000000111110000000000001100000000000000001001001
01100001010000000000000000000000000000000000000000000000000000110110000000000000000111000000000000000111000000001001110100000000
01100000010000001000000100000000000000000000000000000000000000000110000010000000010000000000000000000111110000001111100000001001
01100000110000111101000000000000000001111100000001111000000001000110000100000000000000000000000000000001000000000000000000101000
01100001010000000000000000000000001000000010100000000000000000110110000000000000001111000100000000001111000100000111110100000000
01101000010000000100000100000000000000000000000000000000000000000110100010000000001000000000000000000011110000000111100000001001
01101000110000011101000000000000000000000000000000111000000001000110100100000000000000011110000000000000100000000000000000101000
01101001010000000000000000000000000100000001001010000000000000000110100000000000000111000100000000000111000100000010000000000000
01101000010000000100000100000000000000000000000000000000000000000110100010000000001000000000000000000011110000000111100000001001
01101000110000011100000000000000000000000000000000111000000000000110100100000000000000011110000000000000100000000000000001001001
01101001010000000000000000000000000000000000000000000000000010010110100000000000000111000000000000000111000000001101100010000000

