10100010000010110110011001100100101011000000111011011111110000000010111000000111011000101000000011110111000100001101011111000010
01100001011001110111110110101101001011010111110010110000111011011011101000011110010111100101011011000000010001001101001000011101
01010101100010101010100000011011001100010100111010100100100001101011111010010110010111111010001001100010111000100100100010010000
10100001010100111100111010010111100100101011011000011001010011000110101010101011001000110010110110001011011111011111111011111001
01010010001110100010111111101101111011010111001100110100010110011000001000001101000111100101000100100010100011101011110101001110
11110110010010010000001001001011010100111111011110110011010100100100101110010011100001000010000000111101101000011110101011110100
10010101111001000010111110110101111101111011110000011100011000100011011000011001000110010000001101100010110101000000010011000101
01011011011011001101000110001011011001001011100011110110011011011000010011000011111101010110110100011001110110000111100100111000
01010110110000101110000111001101000111101100111101000001001010010000011001100111000100101010111110101100011111100001001010110101
11111100111010010110111011111111110101010000100000110101010010111010000010010011010110111010010010101111111111011101100110111110
10100100101000011010110011101001000001010111100000000101101100111100101010000100001001001101001101011110100101110110001000000111
01111010000001011101111000111011101010100010111111001000001100000110111011100011011011100100111001101101011110010001101100110100
01101101011000000100110011100101011101111011011001101111001111100011101101111101001000001110111010110111100001001101010101111001
00000110100010100001100001011111111010110111110000101100100111111010100001100111101111000011111110111100001010010000001010110010
10000001001011101001011111110000100111010111010010011001101001001010111101010101011010110001011001001001100001100011001010000011
00111001101011111001110111011110011101010000100001010111010111000011110001111111010101010000100011000111100001000100111111100100
00010111111010001001100110100001110011001001100011100010000101110101111110101110101001110111101011010011000000001001110111001010
11111000100000111011111110100010001111010101011001101101100100000001010000111110011111011010101101100100101011100111110101111010
00101111110011111011001101101011101111100111010111111110101010101100011101101110001011101111011001111011000011000000111100101111
01000011011011110011001110001111110101101100100000100000011001100000111000100011111010111000000111001110001011110110011000001100
11101000101000001010100100111000011001100011010000111010011000111100100001000000100110110011001000100101111100101010110011100011
11000001011010010100001101101111110010000010100010011111001101011010001110100110010000010111110011100011000000100010110101111100
11001001110011100111011110111111000010110101001011101011100101010011011100111001010011010001111011100011001111010010101000010011
11101010000000010100100110011001111100001110000010111111011111010010001110110110011101110011010000110000101111000110000100001010
10101101111110000011111001010101110001001101110100110000100001101100111100000001000001101101000000011101111010101100011001011000
10001011111011110101001000011110111001010100010111100000001110111000111100110110010100101111101000110101101100110011110101011110
01110010111000000111101010100010101001011000101111011011000111000000100101000001101101001100101101011000000100100110000111101110
11111101100000110000010011010111001111010011011100011000000001000001001010111101111100111011100101000100100010101100111010100111
10110111101011100011011111111100100110100011000101000010101101101101100101100111101110011101101010011011100100010110011101111011
01111111101011111001000000010000010111010000010010111010010101000101010101100001111010000110111101001100110111000011111001110001
01000101000011000001100100101110101111001011000111110111110110000110100000110100010001110001001100000111110111110101110110000101
00010110101001110100110000100010100101101011010001011011100100001011111111110111001110111110001001111110100001011001001111000000
00000111110100010000110100001001001110110001010011101011100000000110001001110010101111110011110010101100001011111010010011101011
01100000101001001110100110111010111110010110010100000001011100001000101000101011101100110001110101011100110111010101111001101000
11001001100111001010101110011101101000001101111100100010010010111001011011001010110011110000000101100111101111111100111001111011
10001100101111000001011000000001101000110000101011101010000011011110011101010011000000010111001010101001000011010110010010001000
11001010010011101111101001000011011000001000110010111111110110100001110111000000100100011000000101011101111110011001001101100011
00110100111101111001101100010001011011010111110101001000101111110100111111111011011110001001101001010000101010101011110001100100
00000101100110111100000101000001000011011111110001100100111111111010010111111011110101011111111011001110000100001100110011000011
11101100010101000101111000010101010001100010101011010011111111100010101101100100001100001010100010110000100111010001100000101111
11001110111011110001111001010010010001111011000001010000101111000010111100101100110101001000101100111010110111111101000010010000
00101000101110001111110011110001011011001011101100101011100111001110110000111100111000101110010010000001001110111011011011001001
10001000111000111010000111100000111100011101101100101001011111111001100100101110110101001110101011011001010110000011111101000001
11010110001011111010011110100010001100011010111011110011111101111110111111110010010000010000100100111010001000101001101010110111
00110100101110011101110101101100010111011001001110110011001110111100111111100011000111001100111010010001010011101101011001011011
11110011100111100111000100100110011000000111010100101001101100000111011010011011100101011010010111000001011011110100111011110100
10011011101100101101011000011100000111111111011101101000111110110101001001101100100101101010110100010110010110100011000010100011
01011101101100100101111000101010001111111010110000010100110010110001111000010101111101001010010001011001001011100011101100001000
11001100000110001110000100101101000111011111010010101110101010110001010001111001111111001011111101110101100010111001010001100111
00000001101010100101101110100000011111110010000101111101001010100111001001100001000010110001100110000000000101100011101100100011
00000010010111110001010000010011011100110101000010100010010100101001011011110100101111101011111010100110010100001010010001000101
01111110001001011001100110010101011000001001010110010011101000010101111000010100111111000010000110001001101001010011011001000110
00100101100111001011110011110110000001110100110100010100001111010111101011011111011101101101011000100000001111000000001010100100
10101110111000100000000111111111010011011000100101101001110011110000001010001001001111010111011101001010110110101100000110000011
01101111111111010110101100101011111011100001101001111111110001100111100101001011011011000100110101111100100110011101100010001010
01110101010110001001011101010111001001100100110101111011100001001100001010111111011010111100111010010011010100101101101100011100
10001011110000101000000011110100011010010000001100010010001110011100101011000011100100001011010100011001100000101110010100000010
10100101101111110101100110011001111011100010000100101111100100001000100110111001110010000000001011111001110001100000010000111001
00100111001101001100011011110111101101011010110010111101000110010001101011110000010001111100001101000010100010100101010111000001
01000111111011100111000111010011000001000111001110000111100100011010110010001101110101001000011011101001000111000010100100111101
00011111111110100111010110110000111011000011011101010111001111000101000000001010110100100111111000100110111010111000011111011100
10100100111011000000110111011010011111110101100110100110110101111110111110000000011010011011011010010011000001111010111010000011
10100101110000011001111010000111010011001001001111001000111010100110011100101111111100111001001101110011111011111100000110100000
10001000011101000010000101111001101101110101001100110001101111111000000111000011100111010000001100110110111111011011011110001000
01001011011001100000011111101010010110101010110011010001101101110100011010110111000111010010101001001100000000011101001100100000
01000011010111110011001011000100111101110110101110011100001001000011111010101100001101110011110010100110010001000001000010111011
00010100110100101101011101010100101111010011110110100011110111011010110001101110100010011011111001000001100010110000011101000000
01010011001110011010001111011111001001001110011100010110011011101111111001111100010100101101110010000011101111110100100001110000
00110100110100101110010111001101100110100100111000110110101110111001101011100111100000010001001011100011000100011111100011100101
01110010101010100001111101100110000011001110100110010110000111100010110011111101010100111011111110111000000111000010010000111100
00100100101011110110110111101111001110111110000100111000110111010101110001011000100110111111000100111111111010010110000101101000
01011001011100001000111110010100000100011101111110100001000100001100110100110111110101100011000100111001000011010100000101000001
11101010111000100100001101100110001010101110000111010000101100000100011000010011001101001010011100111001011000010110111010010110
00110100001001011100100111100101001101011010000110011010101110101100011001101010000100100001110111001011101110111111010000101101
10110100000110000000100110011100100101111011001011110100101101010110000011101011101100101010101000001101100001110111110011101101
11010100101010000101101100100111111010000111001001110010111101011100111101001111111111101110101111110000010001101000111100010110
00100001010011111101001100000001100101010011110110110011011101100101001100110100010010101100010000001000001101010101000001010001
00110111101100100010101000000111110101110101101011010000001110001100000101101110100111000000011001111111011110100000001001010100
00100101001100100011010110000011010000111001010101001100101101110100001000000111010010110000101000001100101011001010100010101000
01001001110000101101110010000101000001010010010000011101100011100011110001111001000110010111100010100110001100101010111001010101