00100000000000000000000000000001000000000000000000001000000000000010000000000000000000000000000110101000001101000000000000000000
00100000000000000000000000000001000000111110101111011011001110010010000000000000000000000000000101000000100100001010010000000110
00100000000000000000000001000001000000000000000000001000000000000010000000000000000000000100000110101000001101000000000000000000
00100000000000000000000001000001000000111110101111011011001110010010000000000000000000000100000101000000100100001010010000000110
00100000000000000000000100000001000000000000000000001000000000000010000000000000000000010000000110101000001101000000000000000000
00100000000000000000000100000001000000111110101111011011001110010010000000000000000000010000000101000000100100001010010000000110
00100000000000000000000101000001000000000000000000001000000000000010000000000000000000010100000110101000001101000000000000000000
00100000000000000000000101000001000000111110101111011011001110010010000000000000000000010100000101000000100100001010010000000110
00100000000000000000010000000001000000000000000000001000000000000010000000000000000001000000000110101000001101000000000000000000
00100000000000000000010000000001000000111110101111011011001110010010000000000000000001000000000101000000100100001010010000000110
00100000000000000000010001000001000000000000000000001000000000000010000000000000000001000100000110101000001101000000000000000000
00100000000000000000010001000001000000111110101111011011001110010010000000000000000001000100000101000000100100001010010000000110
00100000000000000000010100000001000000000000000000001000000000000010000000000000000001010000000110101000001101000000000000000000
00100000000000000000010100000001000000111110101111011011001110010010000000000000000001010000000101000000100100001010010000000110
00100000000000000000010101000001000000000000000000001000000000000010000000000000000001010100000110101000001101000000000000000000
00100000000000000000010101000001000000111110101111011011001110010010000000000000000001010100000101000000100100001010010000000100
00100000000000000000000000100001000000000000000000001000000000000010000000000000000000000010000110101000001101111111111111111111
00100000000000000000000000100001111110101100111001110111001110010010000000000000000000000010000101000000100100001010010000000110
00100000000000000000000001100001000000000000000000001000000000000010000000000000000000000110000110101000001101111111111111111111
00100000000000000000000001100001111110101100111001110111001110010010000000000000000000000110000101000000100100001010010000000110
00100000000000000000000100100001000000000000000000001000000000000010000000000000000000010010000110101000001101111111111111111111
00100000000000000000000100100001111110101100111001110111001110010010000000000000000000010010000101000000100100001010010000000110
00100000000000000000000101100001000000000000000000001000000000000010000000000000000000010110000110101000001101111111111111111111
00100000000000000000000101100001111110101100111001110111001110010010000000000000000000010110000101000000100100001010010000000110
00100000000000000000010000100001000000000000000000001000000000000010000000000000000001000010000110101000001101111111111111111111
00100000000000000000010000100001111110101100111001110111001110010010000000000000000001000010000101000000100100001010010000000110
00100000000000000000010001100001000000000000000000001000000000000010000000000000000001000110000110101000001101111111111111111111
00100000000000000000010001100001111110101100111001110111001110010010000000000000000001000110000101000000100100001010010000000110
00100000000000000000010100100001000000000000000000001000000000000010000000000000000001010010000110101000001101111111111111111111
00100000000000000000010100100001111110101100111001110111001110010010000000000000000001010010000101000000100100001010010000000110
00100000000000000000010101100001000000000000000000001000000000000010000000000000000001010110000110101000001101111111111111111111
00100000000000000000010101100001111110101100111001110111001110010010000000000000000001010110000101000000100100001010010000000100
00100000000000000000000010000001000000000000000000001000000000000010000000000000000000001000000110101000001101111111111111111111
00100000000000000000000010000001111101010000000000010011001110010010000000000000000000001000000101000000100100001010010000000110
00100000000000000000000011000001000000000000000000001000000000000010000000000000000000001100000110101000001101111111111111111111
00100000000000000000000011000001111101010000000000010011001110010010000000000000000000001100000101000000100100001010010000000110
00100000000000000000000110000001000000000000000000001000000000000010000000000000000000011000000110101000001101111111111111111111
00100000000000000000000110000001111101010000000000010011001110010010000000000000000000011000000101000000100100001010010000000110
00100000000000000000000111000001000000000000000000001000000000000010000000000000000000011100000110101000001101111111111111111111
00100000000000000000000111000001111101010000000000010011001110010010000000000000000000011100000101000000100100001010010000000110
00100000000000000000010010000001000000000000000000001000000000000010000000000000000001001000000110101000001101111111111111111111
00100000000000000000010010000001111101010000000000010011001110010010000000000000000001001000000101000000100100001010010000000110
00100000000000000000010011000001000000000000000000001000000000000010000000000000000001001100000110101000001101111111111111111111
00100000000000000000010011000001111101010000000000010011001110010010000000000000000001001100000101000000100100001010010000000110
00100000000000000000010110000001000000000000000000001000000000000010000000000000000001011000000110101000001101111111111111111111
00100000000000000000010110000001111101010000000000010011001110010010000000000000000001011000000101000000100100001010010000000110
00100000000000000000010111000001000000000000000000001000000000000010000000000000000001011100000110101000001101111111111111111111
00100000000000000000010111000001111101010000000000010011001110010010000000000000000001011100000101000000100100001010010000000100
00100000000000000000000010100001000000000000000000001000000000000010000000000000000000001010000110101000001101000000000000000000
00100000000000000000000010100001000000111111100011001111001110010010000000000000000000001010000101000000100100001010010000000110
00100000000000000000000011100001000000000000000000001000000000000010000000000000000000001110000110101000001101000000000000000000
00100000000000000000000011100001000000111111100011001111001110010010000000000000000000001110000101000000100100001010010000000110
00100000000000000000000110100001000000000000000000001000000000000010000000000000000000011010000110101000001101000000000000000000
00100000000000000000000110100001000000111111100011001111001110010010000000000000000000011010000101000000100100001010010000000110
00100000000000000000000111100001000000000000000000001000000000000010000000000000000000011110000110101000001101000000000000000000
00100000000000000000000111100001000000111111100011001111001110010010000000000000000000011110000101000000100100001010010000000110
00100000000000000000010010100001000000000000000000001000000000000010000000000000000001001010000110101000001101000000000000000000
00100000000000000000010010100001000000111111100011001111001110010010000000000000000001001010000101000000100100001010010000000110
00100000000000000000010011100001000000000000000000001000000000000010000000000000000001001110000110101000001101000000000000000000
00100000000000000000010011100001000000111111100011001111001110010010000000000000000001001110000101000000100100001010010000000110
00100000000000000000010110100001000000000000000000001000000000000010000000000000000001011010000110101000001101000000000000000000
00100000000000000000010110100001000000111111100011001111001110010010000000000000000001011010000101000000100100001010010000000110
00100000000000000000010111100001000000000000000000001000000000000010000000000000000001011110000110101000001101000000000000000000
00100000000000000000010111100001000000111111100011001111001110010010000000000000000001011110000101000000100100001010010000000100
00100000000000000000001000000001000000000000000000001000000000000010000000000000000000100000000110101000001101000000000000000000
00100000000000000000001000000001000001000101100011000111001110010010000000000000000000100000000101000000100100001010010000000110
00100000000000000000001001000001000000000000000000001000000000000010000000000000000000100100000110101000001101000000000000000000
00100000000000000000001001000001000001000101100011000111001110010010000000000000000000100100000101000000100100001010010000000110
00100000000000000000001100000001000000000000000000001000000000000010000000000000000000110000000110101000001101000000000000000000
00100000000000000000001100000001000001000101100011000111001110010010000000000000000000110000000101000000100100001010010000000110
00100000000000000000001101000001000000000000000000001000000000000010000000000000000000110100000110101000001101000000000000000000
00100000000000000000001101000001000001000101100011000111001110010010000000000000000000110100000101000000100100001010010000000110
00100000000000000000011000000001000000000000000000001000000000000010000000000000000001100000000110101000001101000000000000000000
00100000000000000000011000000001000001000101100011000111001110010010000000000000000001100000000101000000100100001010010000000110
00100000000000000000011001000001000000000000000000001000000000000010000000000000000001100100000110101000001101000000000000000000
00100000000000000000011001000001000001000101100011000111001110010010000000000000000001100100000101000000100100001010010000000110
00100000000000000000011100000001000000000000000000001000000000000010000000000000000001110000000110101000001101000000000000000000
00100000000000000000011100000001000001000101100011000111001110010010000000000000000001110000000101000000100100001010010000000110
00100000000000000000011101000001000000000000000000001000000000000010000000000000000001110100000110101000001101000000000000000000
00100000000000000000011101000001000001000101100011000111001110010010000000000000000001110100000101000000100100001010010000000100
00100000000000000000001000100001000000000000000000001000000000000010000000000000000000100010000110101000001101000000000000000000
00100000000000000000001000100001000001001011101011100111001110010010000000000000000000100010000101000000100100001010010000000110
00100000000000000000001001100001000000000000000000001000000000000010000000000000000000100110000110101000001101000000000000000000
00100000000000000000001001100001000001001011101011100111001110010010000000000000000000100110000101000000100100001010010000000110
00100000000000000000001100100001000000000000000000001000000000000010000000000000000000110010000110101000001101000000000000000000
00100000000000000000001100100001000001001011101011100111001110010010000000000000000000110010000101000000100100001010010000000110
00100000000000000000001101100001000000000000000000001000000000000010000000000000000000110110000110101000001101000000000000000000
00100000000000000000001101100001000001001011101011100111001110010010000000000000000000110110000101000000100100001010010000000110
00100000000000000000011000100001000000000000000000001000000000000010000000000000000001100010000110101000001101000000000000000000
00100000000000000000011000100001000001001011101011100111001110010010000000000000000001100010000101000000100100001010010000000110
00100000000000000000011001100001000000000000000000001000000000000010000000000000000001100110000110101000001101000000000000000000
00100000000000000000011001100001000001001011101011100111001110010010000000000000000001100110000101000000100100001010010000000110
00100000000000000000011100100001000000000000000000001000000000000010000000000000000001110010000110101000001101000000000000000000
00100000000000000000011100100001000001001011101011100111001110010010000000000000000001110010000101000000100100001010010000000110
00100000000000000000011101100001000000000000000000001000000000000010000000000000000001110110000110101000001101000000000000000000
00100000000000000000011101100001000001001011101011100111001110010010000000000000000001110110000101000000100100001010010000000100
00100000000000000000001010000001000000000000000000001000000000000010000000000000000000101000000110101000001101000000000000000000
00100000000000000000001010000001000000100110101001111011001110010010000000000000000000101000000101000000100100001010010000000110
00100000000000000000001011000001000000000000000000001000000000000010000000000000000000101100000110101000001101000000000000000000
00100000000000000000001011000001000000100110101001111011001110010010000000000000000000101100000101000000100100001010010000000110
00100000000000000000001110000001000000000000000000001000000000000010000000000000000000111000000110101000001101000000000000000000
00100000000000000000001110000001000000100110101001111011001110010010000000000000000000111000000101000000100100001010010000000110
00100000000000000000001111000001000000000000000000001000000000000010000000000000000000111100000110101000001101000000000000000000
00100000000000000000001111000001000000100110101001111011001110010010000000000000000000111100000101000000100100001010010000000110
00100000000000000000011010000001000000000000000000001000000000000010000000000000000001101000000110101000001101000000000000000000
00100000000000000000011010000001000000100110101001111011001110010010000000000000000001101000000101000000100100001010010000000110
00100000000000000000011011000001000000000000000000001000000000000010000000000000000001101100000110101000001101000000000000000000
00100000000000000000011011000001000000100110101001111011001110010010000000000000000001101100000101000000100100001010010000000110
00100000000000000000011110000001000000000000000000001000000000000010000000000000000001111000000110101000001101000000000000000000
00100000000000000000011110000001000000100110101001111011001110010010000000000000000001111000000101000000100100001010010000000110
00100000000000000000011111000001000000000000000000001000000000000010000000000000000001111100000110101000001101000000000000000000
00100000000000000000011111000001000000100110101001111011001110010010000000000000000001111100000101000000100100001010010000000100
00100000000000000000001010100001000000000000000000001000000000000010000000000000000000101010000110101000001101000000000000000000
00100000000000000000001010100001000001101111001110110111001110010010000000000000000000101010000101000000100100001010010000000110
00100000000000000000001011100001000000000000000000001000000000000010000000000000000000101110000110101000001101000000000000000000
00100000000000000000001011100001000001101111001110110111001110010010000000000000000000101110000101000000100100001010010000000110
00100000000000000000001110100001000000000000000000001000000000000010000000000000000000111010000110101000001101000000000000000000
00100000000000000000001110100001000001101111001110110111001110010010000000000000000000111010000101000000100100001010010000000110
00100000000000000000001111100001000000000000000000001000000000000010000000000000000000111110000110101000001101000000000000000000
00100000000000000000001111100001000001101111001110110111001110010010000000000000000000111110000101000000100100001010010000000110
00100000000000000000011010100001000000000000000000001000000000000010000000000000000001101010000110101000001101000000000000000000
00100000000000000000011010100001000001101111001110110111001110010010000000000000000001101010000101000000100100001010010000000110
00100000000000000000011011100001000000000000000000001000000000000010000000000000000001101110000110101000001101000000000000000000
00100000000000000000011011100001000001101111001110110111001110010010000000000000000001101110000101000000100100001010010000000110
00100000000000000000011110100001000000000000000000001000000000000010000000000000000001111010000110101000001101000000000000000000
00100000000000000000011110100001000001101111001110110111001110010010000000000000000001111010000101000000100100001010010000000110
00100000000000000000011111100001000000000000000000001000000000000010000000000000000001111110000110101000001101000000000000000000
00100000000000000000011111100001000001101111001110110111001110010010000000000000000001111110000101000000100100001010010000000100
00100000000000000000100000000001000000000000000000001000000000000010000000000000000010000000000110101000001101111111111111111111
00100000000000000000100000000001111111101010100101100011001110010010000000000000000010000000000101000000100100001010010000000110
00100000000000000000100001000001000000000000000000001000000000000010000000000000000010000100000110101000001101111111111111111111
00100000000000000000100001000001111111101010100101100011001110010010000000000000000010000100000101000000100100001010010000000110
00100000000000000000100100000001000000000000000000001000000000000010000000000000000010010000000110101000001101111111111111111111
00100000000000000000100100000001111111101010100101100011001110010010000000000000000010010000000101000000100100001010010000000110
00100000000000000000100101000001000000000000000000001000000000000010000000000000000010010100000110101000001101111111111111111111
00100000000000000000100101000001111111101010100101100011001110010010000000000000000010010100000101000000100100001010010000000110
00100000000000000000110000000001000000000000000000001000000000000010000000000000000011000000000110101000001101111111111111111111
00100000000000000000110000000001111111101010100101100011001110010010000000000000000011000000000101000000100100001010010000000110
00100000000000000000110001000001000000000000000000001000000000000010000000000000000011000100000110101000001101111111111111111111
00100000000000000000110001000001111111101010100101100011001110010010000000000000000011000100000101000000100100001010010000000110
00100000000000000000110100000001000000000000000000001000000000000010000000000000000011010000000110101000001101111111111111111111
00100000000000000000110100000001111111101010100101100011001110010010000000000000000011010000000101000000100100001010010000000110
00100000000000000000110101000001000000000000000000001000000000000010000000000000000011010100000110101000001101111111111111111111
00100000000000000000110101000001111111101010100101100011001110010010000000000000000011010100000101000000100100001010010000000100
00100000000000000000100000100001000000000000000000001000000000000010000000000000000010000010000110101000001101000000000000000000
00100000000000000000100000100001000001001010001101001011001110010010000000000000000010000010000101000000100100001010000000000110
00100000000000000000100001100001000000000000000000001000000000000010000000000000000010000110000110101000001101000000000000000000
00100000000000000000100001100001000001001010001101001011001110010010000000000000000010000110000101000000100100001010000000000110
00100000000000000000100100100001000000000000000000001000000000000010000000000000000010010010000110101000001101000000000000000000
00100000000000000000100100100001000001001010001101001011001110010010000000000000000010010010000101000000100100001010000000000110
00100000000000000000100101100001000000000000000000001000000000000010000000000000000010010110000110101000001101000000000000000000
00100000000000000000100101100001000001001010001101001011001110010010000000000000000010010110000101000000100100001010000000000110
00100000000000000000110000100001000000000000000000001000000000000010000000000000000011000010000110101000001101000000000000000000
00100000000000000000110000100001000001001010001101001011001110010010000000000000000011000010000101000000100100001010000000000110
00100000000000000000110001100001000000000000000000001000000000000010000000000000000011000110000110101000001101000000000000000000
00100000000000000000110001100001000001001010001101001011001110010010000000000000000011000110000101000000100100001010000000000110
00100000000000000000110100100001000000000000000000001000000000000010000000000000000011010010000110101000001101000000000000000000
00100000000000000000110100100001000001001010001101001011001110010010000000000000000011010010000101000000100100001010000000000110
00100000000000000000110101100001000000000000000000001000000000000010000000000000000011010110000110101000001101000000000000000000
00100000000000000000110101100001000001001010001101001011001110010010000000000000000011010110000101000000100100001010000000000100
00100000000000000000111111110010000000000000000000000000000000000010000000000000000000000000001100000000000000000000000000000000
11111111111111000000011110010000000000001011011111111111111111110000000000000000000000000000000000000000000000000000000000000000
01100000010000000100000100000000000000000000000000000000000000000110000010000000001000000000000000000011110000000111100000001001
01100000110000011100000000000000000000000000000000111000000000000110000100000000000000011110000000000000100000000000000001001001
01100001010000000000000000000000000000000000000000000000000000110110000000000000000111000000000000000111000000001001000000000000
01100000010000000100000100000000000000000000000000000000000000000110000010000000001000000000000000000011110000000111100000001001
01100000110000100101110000000000000000001000000001001000000011110110000100111111000000011101111110000000011100000000000000000010
01100001010000000000000000000000001100000010100000000000000000110110000000000000000111000000000000001001000111000111000000000000
01100100010000000010000010000000000000000000000000000000000000000110010010000000000100100000000000000010000000000100100000001001
01100100110000100100000000000000000000000000000001001000000000000110010100000000000000010000000000000000000000000000000001001001
01100101010000000000000000000000000000000000000000000000000001010110010000000000001001000000000000001001000000001000000000000000
01100100010000000010000010000000000000000000000000000000000000000110010010000000000100100000000000000010000000000100100000001001
01100100110000100101110000111110000000100000000001001000000011110110010100000000000000000000000000000000000000000000000000000010
01100101010000000000000000000000100100000010110010000000000001010110010000001000001001000000000000001001000111000110000000000000
01101000010000000100000100000000000000000000000000000000000000000110100010000000001000000000000000000011110000000111100000001001
01101000110000011110010000000000000000000000000001111000000010010110100100000000000000011110000000000000000000000000000000000010
01101001010000000000000000000000000010000001001010000000000001010110100000000000001111001001000000000111001001010011000000000000
01101000010000000100000100000000000000000000000000000000000000000110100010000000001000000000000000000011110000000111100000001001
01101000110000011100000000000000000000000000000000111000000000000110100100000000000000011110000000000000100000000000000001001001
01101001010000000000000000000000000000000000000000000000000001010110100000000000000111000000000000000111000000001101000000000000
