00011001110000010100100110100100100011100001010110100001110111010111111000010110001011100111010111000010100001011111101110010101
11011001011011000001011111000101111111001101010001000111010111101011010101100010000110010100101110001011111011001001111111010001
10001110011000000001000110101001011110001101101111011110011111101110011000000100001010111111001010101110010000001010011111000111
00111111011001010100001111011000101011010101001101101100111011100110111010011001010010111101010110110000011111111010001011111101
00101111101110010011100101111111011010100010101011100100010010011110110111111101001100010010110001110111110111110101101010111101
00001101001111100000000101101110101000101111001001111000101001111101100111100110100110011100001100100100000111000000000100001111
00011011011010000100100110111110110011111101100000101111001000101110111101101101111010101110111000000100110001110111000100110011
01101000111000101010101011111100010011101101000010110010011111100101100010111111011010111101010010100011111001000010100010101111
01101100101011011010111111101010010000000011000011001011110001100011000111101010010101111011011110001000110011001101001100010011
10110000001011111000110000110100101101000101000100010101110010101000011111101000010111111101111011001110010110010001001111000110
10100011010101111101010111001111001010100101001000111111011010001000000010010010011110010111011111001111000000110111000001101001
10110110101001110110101110101011011111101111010110010001000001001000100111110010111100011110011010010111001011111011000111011110
11000000110110101101100110101000001000110001111010101011100110101110010000100100010100010000110100010110100100100001001110110101
01110110011011000011010100110100011000001000001101110111110100011010101101000110000000100000011111101000101100100110010110010001
11101001000101001011010100111101011111011011000011001110000110110001001111010100001001111010011000100011010010000001110001111011
00010011111001111100100010111000010111100111111110100101011000000000101010100011100001010100111110011111011011100000110110101001
01010010010000011001010000011010111011010111000010100101101100001110101010110010010011000111111111110011111011010111011111101100
01010001001111110011100000001101100010110001010101001100110101010110001111011111010100101101111001110100000000111111110000010011
10100100001000100100111001010100111111111101111101101101011110000011011110100000110010000000111011011010100001011101011000110110
10011100000001011000110011011111000001000011101010000001111111011001110011011010000101100010010101101110111000001111010010000010
01110100110110001100001101001100100001100001111001110000101001101001110110010000010100000010101110110111110101111001001011110100
01000111111111101111101100000011110010100001001010111001111001011101101100101101110111000010110011001010011111111011100111000110
00001000100110001101111010011011010111111001101111011110000001111110110011010110110111110011100111010011010010100100011100101001
10000110110011011000101110010011010110100000101110101101011101101000010111111111111111110101000011110100000101010010111011010001
11110100011000001011110100001110101111100100000101110001110100001010101000000011010100110111111000001111011101001111001001001101
00101111011010001111011100111100101010110001001011010101010001000011111010100111010111101001110110000001011111100100010010111001
10110001011100011010100101000100111110110111000100111010011011000111010101111000101000010010011001100000000110111101110010011110
01010110000011011010000001110100100111001100010011110100111011110011011001010101010111111010001111110101110110110001111001011000
01010100001100111010111111100011110100111111100000000001000101011111011000110111111011110000011101010101100001011011001101110100
00110001010000111110101001001100001100110011001000100011001101101001101000100011010110000011001011100010001101000001000000111110
11011010010100010001111010100111100100111010101011110011001010011011101001111110011100000111010000010000111111011001110010000000
01101100111011000110100100110111011010101010000001110111110010110000010101001111110000010010100101000100001000100111001100101110
10110011101010101101111001110100110111111100110010110110110011110010000101111100111011100101000011111001010010101011111100011010
11111101111101000010001001001011001101010111010110110100100000110000011011101000000000010010111001011101100001000000000101101010
11010100110110111001100010011011010000001111010000100001000011010000001101101011110011001010101001001000111001110000011101000000
10101110000100011100010000000001110101011000101011000100011101001011001000100000111011010110000101101010011001010101110101001111
11010001000100011010100111010011011011000100010110111011101001100010111100001110010110000010000001110110110110111001111011000111
11111000110110010111011111011011010010101110001010110101011010010100010101010001000000011011011001110001001001001110010110100111
11110111011101101001010101001101010001010011001100101100110111010111110010000101001111110110001111010111111000011001000011101000
00000100100011010000111011011010111000111010010111110111000100100011110010011010001110010110101000100110100011010001000010000101