01011110011010000101011011011100010000111010110001100101100101100010110000001011011010111000111010010001011101001000011100010111
11101101101001111110100110100000010100111000110100001010000110010100001000111100001111001010011100001011111101001101100001100011
00100101100011111011111000010111010110010101110111010101000011111101111011000100101000001000111111010000100110011101000111011110
00000101111010001010000001000001101000000111001111110011111001001100010010000011101001000000110110100011110101001000111101000111
11111110000001100000011010110110000010001101011000111010101000100001000100110011010110101101101101100110011000111111111001110001
11001010111000001011000010101101010100001011100111100110100101010110001011011110111110000010101011011011111100111100001001000001
11111011000010111011100110110011110001111010110111101101100001001101011100010000001100101100110010001011011101110100101011100010
00111011100000010101000110110011101000001101001100001011100000000101010101110100111000000011111011111001000111101101110100010110
00000001110011110100010101111111001001010100000110001000000101100011001001100111101100101010100110010100100011111010011100000100
11110000100010010011110110101100100001101001101110101100100000101010110010101001101010011010110010001111011100100110111100010100
00011110111010100010111011011001001100000100111010011001011100000001010001101111111000000101001001101010001000101101001010001110
11001100011001001001000000111001110011100010010101111101101101111000110111010001011011010110100100101010001011111100000011000011
11111000110001010100110011110010010101011100110100001011110011011111001111111011111110001111000110000111100010000000110001111111
00010101010110100001001001011111000101010110011011001001001010100001100100111011101101000111110010111110110110111000000001011101
01111011010101101011001111001011010000001011000000001000100101111111010111010110001001001010110111111100100011011100001101101111
01101111011111010100000011110000111101001110001101111110110011010001001011001101001000010101010010110110000100110000100110010111
00011111010111111110010110010010110011000100110100100100001010001011111010011110000001101011001110000010100001110101000100011010
11110101010011000101111100011001010000001111100011110000001100110101001000011000010010100010001101001100100110011101110101111000
10101001100000110010101111101000000000110001101001000101001111101111100101110101111111100100100111101101111101100010111001001101
11110100110011000101011111000001010111001010111011011010001010101001011100001011110000101111011101110010110100111001110010001000
10110111110010011100011010100101001111111010000100110011101011110110010100101110000010101001100011100100101001101000111111010100
01111000000100001011101011000110110100110100000010001101110011001111100101000001001000010011000010111010000001001110000000110000
10111111010101000011010101001001000000100111111001111000011000011011001010101111001100111010010000010111111110011010101100100011
11001001000010110010110001111010001100000110111000000000111100101011010100010011110101010100110001100011101101111000101000111110
01101000100011000001010100111000101110001101101101001100100111011010000010010101000110111110111011010110111010101101101110101101
01000001001010011111101110110000101011101101100011110111011010000001101111101010000000101110100100110101001111011100101100110010
00111000000000000010001100110011001010011101100100001100100111100101000001110011101001111110110000010001011010011011000101101011
10110001010001001101010111011001010111010100110010101111110100010010111010011101001111110100010101100110111011100010100111111001
01100101100111010010111011010011110001100001011101010010000001010001010000011010010101010110011111111001001011000000100110100111
10000011101010011101011010110110010100010001101010010011100010111000100110001101101000100001111100110001011100111101000101111110
01110001110110011001111110110101010111111111000010111100101010101001111110101110001001010010101010000001011011000001111111100100
10100101100111111011110011101100101110000011111101101100111010101110111001010011111100010010100111001001101101110110111110000111
11100001101100111100110101110000011010001101011011011110000001000011011111010010000010001100001101001010001000011001101111110111
11110011001111000010010111011001111010001111011101100000101110110101111010101000000001010110101011010110100001101001100001111011
11110000000011110001010010000011100000011100000111101110001101100010000010100100010011001101101110100110111111110110010010100000
10011111100100111111100100000001100110100110010101110100111000100001011000111100011010000111100111011001110001011010101001001010
00011000110000111110000011111000110100001111010000000010100101100110101011101110010101011110011111100100101110010001011010010100
11000001000011000111010110111010111001101111101000101101011011010100100001000001111001001111000101010101101000101011110111000110
00010100001110011010000000111001011101110001101001111010011110001000011011001000111101010010101010101111110111010100001011010011
10110101000001100001011111000100011100000010001110111111101000101111000101010000110110011011101101010101000000111011011100100011
11010000001011100111100111001010111001100100011011110010011100101110101001011111111001010111010001011001010000101000010100011010
01000110010001001101001100010100100000000001011100110100000101110001101010101101011100011000001011000011011110110101110000110010
10000000010000001110011000110011101101011110100100010001111001111010001010001001001010000011111100101001100110000001111010011001
00111001100111000100111001100111110010110100101100001001100011101000111111011100101110010110010100011011111011100100011100100011
01010110001101100100111110110000001011000111100010100110011000111000111110011110101111100011100001101011000000010011000010011100
00111001011111101101110101101001101110100100101110110001101100100111000001100001110010111010001111011000000101000000100101000000
01101011111110100011010101110011011100111100001000001010111001101111011000100011000000000000001000010110101100000101101001110011
00000101001011110011101111010101100110010110001001101110011001110001000001001011101100101100101111010000001100011010100011001110
00011100101000001011000010000110100111011010100001011111111100100000001001110111111010000101010010111100000010011001101010100100
01110111101111101001010000111101011000001111110111110101000000010001101001111001110011001011110101011100010011011101100110100011
11010011011011000100001101100100000001010001101001101011001011111011111110000001110000100010000101110000101011111101101110001110
01101010110100111110111110001110110100111100011111110011101100001000001101010011000001011001110010010101110111110001011011110000
01010101000001001100000001001101000001111100100011101110000110011111000001000001011111101110110000011100100111000010110000111000
00011100001000001000111100000000100001010111101000101011010101111110000111111000110011110000011011110001110010010010110100001101
11101010001001011011011111011100010011111011010010110000110001011111011111101100000011001001000101011100001101110100110010011011
00110001110000011010100101100100000001101001001010100111100110100011100000001010111011110111111010111001001110001101000111101001
00000010101010010011110101000010110010110111110011011011010001100111101011110000110110011011010100011011011111011110000010010000
00001011101100010111000010101100111100010111011000010111010010111111000001011111101100011100101001000000000001001110110110001010
01001010011010100000010100100000010010001101101111001100100101010110011101101101111001100011101111011010000010000011111110001010
00101111100010110100110011011100011010101110101110001011001100000101010100101010111001011111100110000011110000111001011100100100
00000101011011100010010101101010101001000111000010001000001101011010011011100100011000100001110010010010110110101100110111001110
01100010000111111101000001110011110001000001100000011001010011001111000110001011011000000101111101100011011011000101011011101100
11101111110111111001001111010110111100111111100010110101011000111100111100010010001000101001100000111000101110000011001010101000
00010000010000011111100101010000110111111101001101101110001111011110101101010000010001110101111000001110000011101110100001000011
10101011101101100100000101011011101101000000110000000100010110110101111110100101000010000101010011010000011001101010010110101011
01100001101001011100001101010010011010000010100010001001101111111010101101100001010001110001010001100111110101100011100010100000
11001000010110011100110000100010110010110111100100001000110011011001111010100010000110011100011111000111110011111011111000011101
11110101011100111001001010011011011111101101001001100110111101100110001101110111010000010011010100111000000000011001011011000110
01010110101001111111110111100110111100000001100110000000000111101001101000101011111001010010101010111010011100011000011011010001
00110010111101000001000010010001100010011110010101100111010110100001110000000000010101110000010011000000101011010110000011001001
00000110100111000100100000000110001011000000111101010000011111110010111011100001100110100110011111010001010111010000000000110100
10111001011000101101011001000011111001000001100000000010010111001101011001001010100111100000100010100011011100011110001110111001
10010011111001000110101100110100101010011011011001001101011001110110101101000101101100010011000000110101110101000100100000100011
00011110111100001110111001011000111110010010011101001101100100010100101101110110011010000110010101010000000101110001110001111001
11000101111111110110111101011100000001100110111011110001001100110000001100000000101010001000011001100000111001010010011111000110
00001111111110001110111111010011001000100011000100001101011101110110101111111010101010011011100111001000101001011001001011011011
01011010001110101011001110011111110111110000111110110001100010011110001011010010111011010101001100100111000000000010101010001010
01111000100010100100001010010110011111011110110010101001110100000111000011011000011011010010110011010110001011110010111111110111
11010000010011010100100010100010001111010101111011001000001100010100101011000111010011001101010001110011101001111101010100011111
11011000101011101000101011111101101101101111011100111000000011101101010010110101011001111101101011010010010100000111110110110010
00101111111101110101000010001110111111101100111110101000011100110100010000100011101011010001101110110101101100101111111110001000
11011011010000001000110101011000011011101100000010100011110011001110011001011011001111100011000000101111000101110110000010110111
10000010011000100010110001000100110110011001100110001101011110100101110011100101110001101110101101111110100111110001010100000110
01101010000111001011110000101110001001000110101010000101100111111110001110010110101010100111001001011010101001000111010100011010
01010011100000011110000001011010001011100110011001100111111110000001101101101110110111100110100110110011001011011111010011001101
11111001000110100110110110111101110111100000100110011100001110011101100111100011001101100010000110100101110000000000010100110001
00110110000100110110000011011000010111100101111101101011111011100000111100101101111100101100111011010110011010111101110101101011
00111100000101110000001011001011011111110011000001000101101111001110110101110010011011000110001000100001001110000001000011111000
00001101100111000111000110001111101110000011000101010111101111000010111111100101010110110001000001010001100010001011011101000110
01100011011000010000000000111001001111101111101111101100001010001111011110001010110110001010001110011101110110101110011111101111
10011110001010111000111000110000110111000000011110111111000100010110011011000000000000101110111010011011110011000100100000001000
11111111111010010111101101001101101110001100010101001100101101011010010000001010010001110011010100010101101010100111101001100100
00111010011110010011010101001110011001101111110110011010101101110011011011000110000001011001001001111011001001100100001001101100
10100101011110111011001001001101001010111111111101010110001001111101111100111110011000001010111111110010100011011001100010101011
11001111000100000001100011111101001000111001100000000101101001101111000011100101100001010100101100100100010100011010001011001001
00011011010001000011110110000111111011100011011010111110110100001001011011001001000011001000010100100011101010010001111111111001
01110110010111010011001100101001000000101011100110111010011111100000010010001110101110001010111101101110010111110110101110010100
11011110011011101001111110000111111001011101110110111011100101011110110101010110000100000111100111100000110101111000001011110110
10110001111011010110010100010100110010111100111101111100000000111011100001000110101001111011011000000101000011101000011010011000
01100010110001101000000111100111011001101100010110011001011111001100110100001100100101100011110001011011001101010101100100010010
11110101111100000010101000011010011000111100011011100000111110011101001100100100011100000001001110011110101101000011100001101010
10110110111101110011101110111111010111000111110110100100110110011010001011101011011110011010000000000111100100010010010101100011
11010001110000001001111010100001000100110001001011110100001011000001000000111010100111111101110101111000111101010111010011001010
01110111000010001011111110011101100000010100001111110000000110010100100111111110010100110101010111011000000100000000010111000000
01000011101001010100010010100100000110010000100111011000110111001011010010101101111100010100010110000010100011011110101111010111
10101011010001100000010000010010010011100110000101110110000000000011111100010110100010000111010001111110011010100010011100011000
00011010001011000000000110000011111001001010001110101010010101011000000010010001100011000111010010010111000100001111100011101100
10111001011010111111001000011010111001001000101111011100110100001111011101000011001011011001000000011101000000000010111100010101
10101010001000100101000001111001000100010001001000001111011010100000110111000100010111100110110000001010101110000000010010001101
11011110111011111100110000111111010000001101010001100110010100101011111100100100010000100001010110101101010000010111100001011101
11010100100000011101111100100110101001011110101111110011000000101010101001001101101011111111100110000000000100101110000001101000
10111100111100010000100010110110011011100100001110000001100110001100100100011100110011000101101000001111001011111110111011011110
01011111010011010000111000100000000100010011000100110010010011000001000101100110010111110010101101100010000011000100100101110010
11100011111001010001101110010010100001111101001101110010101010100100010001001000011111011011001100000111111111110101010111101001
11100010010001110100011000010110111011011100010000011101010101001000101000010010100000011011000001010001110000001110111001010010
10101011100110010011010110101100011011101111100100000000110110100010001010110011000000110000110110001101100001010001001110001101
11011101100010001001001100110000110100010101111010100011111111110110101111110110001010100000000010100001111000111011101100100010
01111000010001101111110010001010100111010001010010111000100010000110001110010100110000111110011110111100111000001000100011111011
10100010001111111100011011000111000100110100101101011100101111110100010110100111000010011101101100110111111111001111101000001110
11110101011101101011111111101110101010011100010000011101000100011001000110100100100110110010101001100111000010001011111001101011
00111110110110111010011000011011001101001011000010011110000100101101011101000110111011111111011000100110110110000011110111111000
11011101100011100100011110000011001100001000110001010110110100011001010101001111111111110110101001111010010100000110110010000100
11001000111000010111100010000111011110110111011000011101111100000011111000010111100110011001000100000111011001100010000111001000
11111100010001110101001010111010100101101001000100001010101101100111111010001001011110000110001011001110100010111111100111001111
01000101111011010100010010111110001001111010110011110100100011010011110110101011010010101110001110101110001001000100110001100001
01000100100001000000110101100111100100010110001001011111000011011010010111011111100111111011001010110100100100110000001000111010
10110111111000011000011010010011001101000000010100011110100111100010001100011101000100101011011011101100111001110001100101110110
01101001011010000111010100101010100110100110101101000111101000011111111101001101011000111101010111110000101010100101011000010111
11110111110111000011010000111111010101111000110100100010010111100110001101100111110010000111101100000000100010010111001000111110
00010001101100111001101001001010010101001010111010011101111010011111010110100101010000001000100011110001101100101111001011000001
11001100000011111001001111010110011001111000010001100011010011100110100000001001110110101101100000010000010100100000011010100100
01010100111000110101101111001010010011100110011100110100011111110111111011100010010010110100001010001100011100000011011010000110
00110011100000000000100111001111000100001011011101010101011010011001001010100001111011000010011001000000101011100110101111001111
00100010101000001100111011010100010011001101100100111001100100000101000011111000111011010110001001011101110000011110110100010100
10011011100111010011000110000011011111010100001001100000101100110110101101101100101011100100000111110011000010001110101110011011
10010100000011100011000001000111011100111000010101011001110001110101110011010000001110010010111111010101100111110000010010010110
10001101110100111110010010010010011101010100110000111011010101010011101010111110111011011000110110101000111001000011110011001111
01001101100111101010110110010001010110001000010011000010001000110001110101101010111101101001010000100001111011101100011000011010
11010100001010010111110011111100010111000000101010100101111001011110011101001011111110101110110100010111100001110110011011101001
00101101111000101110000010011001111110111010101100000110000011101000000001000010000101010000010100010110010111100010001100110101
01100100001010100001001100011111010110110010100010111100001111011010100101110011011111101111000110011011100100011100010100001110
00011011100111000000111011111010001001101101111010110111000110100001100100000011100011011100101011000011001110111001111110101000
10000101011001111000111011101110111011110111110100100011110001110011000010101011110011010010111011111010111001111101101000111001
01110100101011101111001101000011011100110010010100000001011001110101010001101101011010001101100100110011001111011111001000100111
10110010010000000001101100100000111100011011110001111100100011011110011101101111001001110111101011110100110110010100000100010100
10100101001111011110111001010111011110000100101010100011100011111010100010110010011010111101111100101111101111011000010001100111
11100110110001101001111100000011111001111001011001100001001100010011010110001010010010001010110011000010111110100111000111100101
10101000101001111011011111100110110101000101000001111001111110001110101101000100110101001111000111100100000100011100000011110000
01000110100011000010111100000111001011100001111010011001010011010101000100010010100111111011011100001010000100000000101001111000
11001011100000001011111110101011001001110011001001010000011001101011011010110011000000011011110100100011111011011010111110010111
01011110100111111111110100010011001001001101001101111010010111010000000000010110110011010101111010011011010011110101001110100011
01101011001001000000110000001101100010101010010010101100111010111100011011010011001011101010011000101011111001110010110001000010
11011001001111000110011110000111110010101100010111100100111000011110000110100010001001010000001010110100000001101100111100101110
00001011110110011010010011101011110011001101010100110000010111000101110001101101011101011010111111101100010001011000011101111100
00101110000110110000101011000000111100101101111001000100100010110010010000001110100001011000101001000010110011001100100011101000
11101111101011111110110111101101010101001011111101110100111000101001111100110101001001110110101001100000000011011011110110011011
10101011010011011101111001010110000100110110110101101001101110110101011101111010001101110101001010100110100010010011101010001100
01100011100011101110011010011101011010010000101000100101000111010110110001001111101101000011010111111110100100001011000011000101
11011001011110101111110110011110111010110001001001010100001011110100101010011101001010101001010000010000111111111110011111101011
01110110000000101000111011111100010000010010110011111000101101010001101000001011001001000100010010010000101010010100010001011101
01000111101111011111001000000010101000100110001001100001000000000110101011111000111100001110100001110110110010111010000101111001
10110101010000100110011110011111001000000011110110110010000011010110000100100100110111000010101010000000101001110010010011001001
10100111001000010101001010011010000100100010001010101100110100110000101110100111000001000110100011010011100011111010110011100011
10001110101100101001100110110101111100000000010001010010100011100111010011101001000101100001001101010001110001100011100110101010
10001101110110000010010000011011111101111111110101010001111011000111011001100001100100000101011100111111101110001110100110000100
01011111000110010100001111100011101001000110010011101011010000001100011010011010101110010000010000000100101000111000001101110001
01101111101100000010101101101111100110000111101100011110011001100110001001001000110100010010101100111001010001101101000010011000
00100101010010011011000001011000001010000010001000100010010100010101100011100111010000110111011111010111010101111111110001011000
11101011110100000111111101111010100010011010000110111011110011101110100110110111010011110101001111001111111001100111001100011110
10011010101001000000001001100110000000000000000111011010001111010001000100011000001110101110010100110110000011000111000001111011
11001010110001110011101100111001101101011101111010111000101111111001101101000111110000010011101000111100100111111010111010011110
10111011110010100101101010000111100010001010111101000010001110110101011011111000100010001111110100111010101110101010010111010011
11111010011000001111000010001000001101000010110011011000010000111011010010010111000101001001101000100010111100100110111011011011
10000000111011001101100011111110100101100011011000101000110111100000100010010100011001111111100001001100010100101001001101110110
01001001001000010101001011010000110011010111111000110011000010110110111011100100010011101010011010100011100011111101111111100101
11001011011100110100011100100111001101001000101111011010100011010100001110101110001010011100110011110001011100011101111000110110
01010110010111100010110000100111100101000101101111000011111110001100001000111111000011110010101000111100011000011010101110011011
00101111001101100000111011010010001110010010101011010010001111111011111100110101100100010000001110100100111011011001110001110001
00000110101011110100101010001001001011101100111010010000010110101000001001001010000000000111101000101011110110001001010010110110
00010010100111010111101101111111000110010111100100111111011111011010100010011100010100010110110000010000000100010101110011101001
00000000010100101111100110010001001011011000000000101001010110110100000000011011010010110100010000110101111011110110101000101100
10001111001111110111111100100000111011100111100011011101010001001111001110110011111101111000110110000001111000110001010011100110
01111000111100110011010100010111101110100000001110101110001011011001011000000000001110001011011110110111100001111001110001111100
01011010010011110010010001111000010010111010101110100100110101001010110111110000011100000111011111101111011111000110011001001011
10001100011000011010011101001111000000101110001011001011010010110000011100111101100001010000111000100001101100010000001111111101
00111111010001111011000101110100010000000100100011001001001110110100000010100010010010100010111111101111101101101011111111011000
11011011111001101001111110100000110111100011110000010001101110100111011001010000101111010010110110101111011000000011001010101011
01111001010100011000100111010001001100111101101000001011111011000001110100001111010010110011010010010011101101011011100000011000
11101010111111001001010000100010110100100001000101100100000100001001011111101000111001000110111010011101001111100110001110011011
10011011000011100111100100000100010111101010110000110111000000001010010011111010111000011000010000101001101111110110010100110001
01100010010000010011111010111111100100000001001111110100010100011111111000000100010011001011110111110101100011000111011101100110
00000100001111101010001001100010110101000001101000001011010010101100000111110000011110000110110001001001101111110011011000111101
00110001011101011111100011100110000110110100100000011101111010110110111100010011001000111010101110100000110000011001101111100100
00100000000010101100011010100111001100010011101000111100010011110001100000011100000000001101111001111011111011011101010110011011
00011101000111100000010110110000110011011111110011001100010100100000100110110110111101100100011101010001101000000111010010011100
00001001010011110111111101010111101000000100010010000011100111111000000011110001101110110100001111010010001100100011010101100000
00100110000100011110110100111001001001111011001011001010100110100101010101111111111001101011010101000000101011010001101001101110
11111000001000001011101011000010111010011001110000100110101010000110110110100000010110111100001101001010010101110001000110000111
10111000111111000001011001011000100110111100101010101000001011111011010001001100010111110000011110000100110100101000010101001111
11101010010100111111101101100101111000100000111110001001001101010011100100000100010110001111101010111100101111011010101111111100
01001010111001010000101011011101001111110010011000011010000011001100011010011000111111011101011100111011000101001000100000000101
01001010111000010110100111001001011011100101001011001101010110000111001000001000010111011010010101001101110110010010010011100111
10001110001101110001000000111011001000111111101111011110010110010100011111111110001001111010110001001110100010001100101011110001
00010011010010110000011100011010011100100010111110100011011101000000111011001111111000011011001110101110000110110111001011110000
11101111010111010100100101111111100111000000100001100110101000111101111010000100100011111101101101001101011100010001101010001001
00101010110011110011000010011011000011101110111011101111111101000111001010011100100110000101100010110111111011110001011000001100
00000110101110001100011010001011010101000100010110011001011101111000001100011011100000000011011100101000110111111110011100001111
11011001101001101110011110110100001101011110010001000111100011010011111110111011001011110001111110111011101000011111000001100011
10000100100111101100110000011101111101111101011010111111101011100101011010111111100010010011110011001111011111010011101011010000
01101100101101100001010110111000010000000011101110010011111001110100111001010001101011111001111010100011111101001000100111000100
00000101011100000100011010011110100110111110100111011010111000011001000100100011000011111111001010001011100000011100010011100011
00110100010110011011001110100001011000111100001001011110101010100110101111010101000011001100110011011110110010000001000101100100
10111001101011001000100110100100011110100100010000111011110111100001001000110010001111111011100101111101111011100000001110111110
01111010011101100001011010011010010100110100001101101011101111001100001011110101010000100001100111011010110111111100100001101010
11011010110110010110001010011001001010110001101100001111010101001111111011011100101000111100011001111111100001000111100110100111
10111101000100101001111011110110100100101001011110001011101011001100101011010100100100011110100111011100011011111111111010100000
11101010010101011111000000100010001010000000111001010011001110011010001010100110111000010111010011001111000001011101101011000101
01100010011100001000111000101000101111011001101000011010110110101100100000000111110001110011001111001001001110000001001101110101
10111110100010101101111000110000100011000011111000001110000101000100010111110011100110100000000001011000010101101100011100100000
11111000101111001001011000101111100000111110001111010010111011001101110011101110101010110001110011011010000110100000000111001101
00101010101101111111001110011010001001100110011110101110011110011110110001010110000010000111011111100001100000101100101011101100
11110110100011101101010011000111000001100000001110101000100101000011100110100100101010011101001010110111110111010100111111010011
00110100111011011000001100000000010100100011011001101011000010011011010100010010010010000000010010101100000101100100010100011101
10100001111101011101100001111111101011110101110111111011110110111010100110110000110101101100111101010110101110110110110000010011
00110110100111100000011111011011000011010011111010110010000110010110100101011101111111010111010101010101000000100110110000101001
00111110101001010100011111011000101011100011010010100101100011000010011111000110000100100001011011100111111111001010110000011100
10011001000011011001101100111001011001001110000101001001100101000111011100100011000000111111100000111001111110110000110010011101
10000001110100111111010001010001111100001100010111001010001101010010000001011111100010100010110010110101110100100100101101011100
01101111101001010100000111011100110001101110101111010101010101110100011010110110101001101110000000011001100010000100100110001100
10000001100011110010100110110011010010011111000001001001000011100011100110110010001010000111010000000010110111000010011101001010
10110010110010001001110110001000000011010100010010110100111000100110011001111100001010100100110001000000010101011001000110100101
01011011110000011001101110111100110010000101011010101111111010110100011011011101010110011111010010001111001011100001000010110111
00011010000111101110010111001111001010001100110111011101101111001010110110101100001100010111101101010100000100010101100000010101
01010000100110000011011111011010100100010000110111101101110001010000010011101100011101001000000011111001100000000001011110111011
10100100111100011011010110001010000010101110111111010001000000011101111101101010100010101111110100110000001100111010101011100011
00000111110000110000100110110110010110001111011100011010111100111101010001010011101011010110011001010011011001101010101110011010
10010001101111101111111111111110011010001111110011100011010010111001010111101110011011111101110001000100001010000110110000111101
00001111001001000101011001011011110110111100100000000110001011001001100000101010011111110101101100011111100101010000000101000110
10111010011100010110101101101100101101001011011000111011100100100001001101110001001001111111000110100011000010110010000011000110
10011001100111110101000111101001010111110110011010001000000101001011010101111110111000010101111110100101000000100110100110100100