00100000000000000000000000000001000000000000000000001000000000000010000000000000000000000000000110110000001101111111111111111111
00100000000000000000000000000001111101011111010100100011001110010010000000000000000000000000000101000010010110001010010000000110
00100000000000000000000001000001000000000000000000001000000000000010000000000000000000000100000110110000001101111111111111111111
00100000000000000000000001000001111101011111010100100011001110010010000000000000000000000100000101000010010110001010010000000110
00100000000000000000000100000001000000000000000000001000000000000010000000000000000000010000000110110000001101111111111111111111
00100000000000000000000100000001111101011111010100100011001110010010000000000000000000010000000101000010010110001010010000000110
00100000000000000000000101000001000000000000000000001000000000000010000000000000000000010100000110110000001101111111111111111111
00100000000000000000000101000001111101011111010100100011001110010010000000000000000000010100000101000010010110001010010000000110
00100000000000000000010000000001000000000000000000001000000000000010000000000000000001000000000110110000001101111111111111111111
00100000000000000000010000000001111101011111010100100011001110010010000000000000000001000000000101000010010110001010010000000110
00100000000000000000010001000001000000000000000000001000000000000010000000000000000001000100000110110000001101111111111111111111
00100000000000000000010001000001111101011111010100100011001110010010000000000000000001000100000101000010010110001010010000000110
00100000000000000000010100000001000000000000000000001000000000000010000000000000000001010000000110110000001101111111111111111111
00100000000000000000010100000001111101011111010100100011001110010010000000000000000001010000000101000010010110001010010000000110
00100000000000000000010101000001000000000000000000001000000000000010000000000000000001010100000110110000001101111111111111111111
00100000000000000000010101000001111101011111010100100011001110010010000000000000000001010100000101000010010110001010010000000100
00100000000000000000000000100001000000000000000000001000000000000010000000000000000000000010000110110000001101111111111111111111
00100000000000000000000000100001111101011101111100101011001110010010000000000000000000000010000101000010010110001010010000000110
00100000000000000000000001100001000000000000000000001000000000000010000000000000000000000110000110110000001101111111111111111111
00100000000000000000000001100001111101011101111100101011001110010010000000000000000000000110000101000010010110001010010000000110
00100000000000000000000100100001000000000000000000001000000000000010000000000000000000010010000110110000001101111111111111111111
00100000000000000000000100100001111101011101111100101011001110010010000000000000000000010010000101000010010110001010010000000110
00100000000000000000000101100001000000000000000000001000000000000010000000000000000000010110000110110000001101111111111111111111
00100000000000000000000101100001111101011101111100101011001110010010000000000000000000010110000101000010010110001010010000000110
00100000000000000000010000100001000000000000000000001000000000000010000000000000000001000010000110110000001101111111111111111111
00100000000000000000010000100001111101011101111100101011001110010010000000000000000001000010000101000010010110001010010000000110
00100000000000000000010001100001000000000000000000001000000000000010000000000000000001000110000110110000001101111111111111111111
00100000000000000000010001100001111101011101111100101011001110010010000000000000000001000110000101000010010110001010010000000110
00100000000000000000010100100001000000000000000000001000000000000010000000000000000001010010000110110000001101111111111111111111
00100000000000000000010100100001111101011101111100101011001110010010000000000000000001010010000101000010010110001010010000000110
00100000000000000000010101100001000000000000000000001000000000000010000000000000000001010110000110110000001101111111111111111111
00100000000000000000010101100001111101011101111100101011001110010010000000000000000001010110000101000010010110001010010000000100
00100000000000000000000010000001000000000000000000001000000000000010000000000000000000001000000110110000001101000000000000000000
00100000000000000000000010000001000100110110110011101011001110010010000000000000000000001000000101000010010110001010010000000110
00100000000000000000000011000001000000000000000000001000000000000010000000000000000000001100000110110000001101000000000000000000
00100000000000000000000011000001000100110110110011101011001110010010000000000000000000001100000101000010010110001010010000000110
00100000000000000000000110000001000000000000000000001000000000000010000000000000000000011000000110110000001101000000000000000000
00100000000000000000000110000001000100110110110011101011001110010010000000000000000000011000000101000010010110001010010000000110
00100000000000000000000111000001000000000000000000001000000000000010000000000000000000011100000110110000001101000000000000000000
00100000000000000000000111000001000100110110110011101011001110010010000000000000000000011100000101000010010110001010010000000110
00100000000000000000010010000001000000000000000000001000000000000010000000000000000001001000000110110000001101000000000000000000
00100000000000000000010010000001000100110110110011101011001110010010000000000000000001001000000101000010010110001010010000000110
00100000000000000000010011000001000000000000000000001000000000000010000000000000000001001100000110110000001101000000000000000000
00100000000000000000010011000001000100110110110011101011001110010010000000000000000001001100000101000010010110001010010000000110
00100000000000000000010110000001000000000000000000001000000000000010000000000000000001011000000110110000001101000000000000000000
00100000000000000000010110000001000100110110110011101011001110010010000000000000000001011000000101000010010110001010010000000110
00100000000000000000010111000001000000000000000000001000000000000010000000000000000001011100000110110000001101000000000000000000
00100000000000000000010111000001000100110110110011101011001110010010000000000000000001011100000101000010010110001010010000000100
00100000000000000000000010100001000000000000000000001000000000000010000000000000000000001010000110110000001101000000000000000000
00100000000000000000000010100001000001000000111011011111001110010010000000000000000000001010000101000010010110001010010000000110
00100000000000000000000011100001000000000000000000001000000000000010000000000000000000001110000110110000001101000000000000000000
00100000000000000000000011100001000001000000111011011111001110010010000000000000000000001110000101000010010110001010010000000110
00100000000000000000000110100001000000000000000000001000000000000010000000000000000000011010000110110000001101000000000000000000
00100000000000000000000110100001000001000000111011011111001110010010000000000000000000011010000101000010010110001010010000000110
00100000000000000000000111100001000000000000000000001000000000000010000000000000000000011110000110110000001101000000000000000000
00100000000000000000000111100001000001000000111011011111001110010010000000000000000000011110000101000010010110001010010000000110
00100000000000000000010010100001000000000000000000001000000000000010000000000000000001001010000110110000001101000000000000000000
00100000000000000000010010100001000001000000111011011111001110010010000000000000000001001010000101000010010110001010010000000110
00100000000000000000010011100001000000000000000000001000000000000010000000000000000001001110000110110000001101000000000000000000
00100000000000000000010011100001000001000000111011011111001110010010000000000000000001001110000101000010010110001010010000000110
00100000000000000000010110100001000000000000000000001000000000000010000000000000000001011010000110110000001101000000000000000000
00100000000000000000010110100001000001000000111011011111001110010010000000000000000001011010000101000010010110001010010000000110
00100000000000000000010111100001000000000000000000001000000000000010000000000000000001011110000110110000001101000000000000000000
00100000000000000000010111100001000001000000111011011111001110010010000000000000000001011110000101000010010110001010010000000100
00100000000000000000001000000001000000000000000000001000000000000010000000000000000000100000000110110000001101000000000000000000
00100000000000000000001000000001000101000000111001001011001110010010000000000000000000100000000101000010010110001010010000000110
00100000000000000000001001000001000000000000000000001000000000000010000000000000000000100100000110110000001101000000000000000000
00100000000000000000001001000001000101000000111001001011001110010010000000000000000000100100000101000010010110001010010000000110
00100000000000000000001100000001000000000000000000001000000000000010000000000000000000110000000110110000001101000000000000000000
00100000000000000000001100000001000101000000111001001011001110010010000000000000000000110000000101000010010110001010010000000110
00100000000000000000001101000001000000000000000000001000000000000010000000000000000000110100000110110000001101000000000000000000
00100000000000000000001101000001000101000000111001001011001110010010000000000000000000110100000101000010010110001010010000000110
00100000000000000000011000000001000000000000000000001000000000000010000000000000000001100000000110110000001101000000000000000000
00100000000000000000011000000001000101000000111001001011001110010010000000000000000001100000000101000010010110001010010000000110
00100000000000000000011001000001000000000000000000001000000000000010000000000000000001100100000110110000001101000000000000000000
00100000000000000000011001000001000101000000111001001011001110010010000000000000000001100100000101000010010110001010010000000110
00100000000000000000011100000001000000000000000000001000000000000010000000000000000001110000000110110000001101000000000000000000
00100000000000000000011100000001000101000000111001001011001110010010000000000000000001110000000101000010010110001010010000000110
00100000000000000000011101000001000000000000000000001000000000000010000000000000000001110100000110110000001101000000000000000000
00100000000000000000011101000001000101000000111001001011001110010010000000000000000001110100000101000010010110001010010000000100
00100000000000000000001000100001000000000000000000001000000000000010000000000000000000100010000110110000001101000000000000000000
00100000000000000000001000100001000011010110011100101111001110010010000000000000000000100010000101000010010110001010010000000110
00100000000000000000001001100001000000000000000000001000000000000010000000000000000000100110000110110000001101000000000000000000
00100000000000000000001001100001000011010110011100101111001110010010000000000000000000100110000101000010010110001010010000000110
00100000000000000000001100100001000000000000000000001000000000000010000000000000000000110010000110110000001101000000000000000000
00100000000000000000001100100001000011010110011100101111001110010010000000000000000000110010000101000010010110001010010000000110
00100000000000000000001101100001000000000000000000001000000000000010000000000000000000110110000110110000001101000000000000000000
00100000000000000000001101100001000011010110011100101111001110010010000000000000000000110110000101000010010110001010010000000110
00100000000000000000011000100001000000000000000000001000000000000010000000000000000001100010000110110000001101000000000000000000
00100000000000000000011000100001000011010110011100101111001110010010000000000000000001100010000101000010010110001010010000000110
00100000000000000000011001100001000000000000000000001000000000000010000000000000000001100110000110110000001101000000000000000000
00100000000000000000011001100001000011010110011100101111001110010010000000000000000001100110000101000010010110001010010000000110
00100000000000000000011100100001000000000000000000001000000000000010000000000000000001110010000110110000001101000000000000000000
00100000000000000000011100100001000011010110011100101111001110010010000000000000000001110010000101000010010110001010010000000110
00100000000000000000011101100001000000000000000000001000000000000010000000000000000001110110000110110000001101000000000000000000
00100000000000000000011101100001000011010110011100101111001110010010000000000000000001110110000101000010010110001010010000000100
00100000000000000000001010000001000000000000000000001000000000000010000000000000000000101000000110110000001101111111111111111111
00100000000000000000001010000001111111111100001000001111001110010010000000000000000000101000000101000010010110001010010000000110
00100000000000000000001011000001000000000000000000001000000000000010000000000000000000101100000110110000001101111111111111111111
00100000000000000000001011000001111111111100001000001111001110010010000000000000000000101100000101000010010110001010010000000110
00100000000000000000001110000001000000000000000000001000000000000010000000000000000000111000000110110000001101111111111111111111
00100000000000000000001110000001111111111100001000001111001110010010000000000000000000111000000101000010010110001010010000000110
00100000000000000000001111000001000000000000000000001000000000000010000000000000000000111100000110110000001101111111111111111111
00100000000000000000001111000001111111111100001000001111001110010010000000000000000000111100000101000010010110001010010000000110
00100000000000000000011010000001000000000000000000001000000000000010000000000000000001101000000110110000001101111111111111111111
00100000000000000000011010000001111111111100001000001111001110010010000000000000000001101000000101000010010110001010010000000110
00100000000000000000011011000001000000000000000000001000000000000010000000000000000001101100000110110000001101111111111111111111
00100000000000000000011011000001111111111100001000001111001110010010000000000000000001101100000101000010010110001010010000000110
00100000000000000000011110000001000000000000000000001000000000000010000000000000000001111000000110110000001101111111111111111111
00100000000000000000011110000001111111111100001000001111001110010010000000000000000001111000000101000010010110001010010000000110
00100000000000000000011111000001000000000000000000001000000000000010000000000000000001111100000110110000001101111111111111111111
00100000000000000000011111000001111111111100001000001111001110010010000000000000000001111100000101000010010110001010010000000100
00100000000000000000001010100001000000000000000000001000000000000010000000000000000000101010000110110000001101111111111111111111
00100000000000000000001010100001111110100011110011100011001110010010000000000000000000101010000101000010010110001010010000000110
00100000000000000000001011100001000000000000000000001000000000000010000000000000000000101110000110110000001101111111111111111111
00100000000000000000001011100001111110100011110011100011001110010010000000000000000000101110000101000010010110001010010000000110
00100000000000000000001110100001000000000000000000001000000000000010000000000000000000111010000110110000001101111111111111111111
00100000000000000000001110100001111110100011110011100011001110010010000000000000000000111010000101000010010110001010010000000110
00100000000000000000001111100001000000000000000000001000000000000010000000000000000000111110000110110000001101111111111111111111
00100000000000000000001111100001111110100011110011100011001110010010000000000000000000111110000101000010010110001010010000000110
00100000000000000000011010100001000000000000000000001000000000000010000000000000000001101010000110110000001101111111111111111111
00100000000000000000011010100001111110100011110011100011001110010010000000000000000001101010000101000010010110001010010000000110
00100000000000000000011011100001000000000000000000001000000000000010000000000000000001101110000110110000001101111111111111111111
00100000000000000000011011100001111110100011110011100011001110010010000000000000000001101110000101000010010110001010010000000110
00100000000000000000011110100001000000000000000000001000000000000010000000000000000001111010000110110000001101111111111111111111
00100000000000000000011110100001111110100011110011100011001110010010000000000000000001111010000101000010010110001010010000000110
00100000000000000000011111100001000000000000000000001000000000000010000000000000000001111110000110110000001101111111111111111111
00100000000000000000011111100001111110100011110011100011001110010010000000000000000001111110000101000010010110001010010000000100
00100000000000000000100000000001000000000000000000001000000000000010000000000000000010000000000110110000001101111111111111111111
00100000000000000000100000000001111110101000111111000111001110010010000000000000000010000000000101000010010110001010010000000110
00100000000000000000100001000001000000000000000000001000000000000010000000000000000010000100000110110000001101111111111111111111
00100000000000000000100001000001111110101000111111000111001110010010000000000000000010000100000101000010010110001010010000000110
00100000000000000000100100000001000000000000000000001000000000000010000000000000000010010000000110110000001101111111111111111111
00100000000000000000100100000001111110101000111111000111001110010010000000000000000010010000000101000010010110001010010000000110
00100000000000000000100101000001000000000000000000001000000000000010000000000000000010010100000110110000001101111111111111111111
00100000000000000000100101000001111110101000111111000111001110010010000000000000000010010100000101000010010110001010010000000110
00100000000000000000110000000001000000000000000000001000000000000010000000000000000011000000000110110000001101111111111111111111
00100000000000000000110000000001111110101000111111000111001110010010000000000000000011000000000101000010010110001010010000000110
00100000000000000000110001000001000000000000000000001000000000000010000000000000000011000100000110110000001101111111111111111111
00100000000000000000110001000001111110101000111111000111001110010010000000000000000011000100000101000010010110001010010000000110
00100000000000000000110100000001000000000000000000001000000000000010000000000000000011010000000110110000001101111111111111111111
00100000000000000000110100000001111110101000111111000111001110010010000000000000000011010000000101000010010110001010010000000110
00100000000000000000110101000001000000000000000000001000000000000010000000000000000011010100000110110000001101111111111111111111
00100000000000000000110101000001111110101000111111000111001110010010000000000000000011010100000101000010010110001010010000000100
00100000000000000000100000100001000000000000000000001000000000000010000000000000000010000010000110110000001101000000000000000000
00100000000000000000100000100001000011010100010100101111001110010010000000000000000010000010000101000010010110001010000000000110
00100000000000000000100001100001000000000000000000001000000000000010000000000000000010000110000110110000001101000000000000000000
00100000000000000000100001100001000011010100010100101111001110010010000000000000000010000110000101000010010110001010000000000110
00100000000000000000100100100001000000000000000000001000000000000010000000000000000010010010000110110000001101000000000000000000
00100000000000000000100100100001000011010100010100101111001110010010000000000000000010010010000101000010010110001010000000000110
00100000000000000000100101100001000000000000000000001000000000000010000000000000000010010110000110110000001101000000000000000000
00100000000000000000100101100001000011010100010100101111001110010010000000000000000010010110000101000010010110001010000000000110
00100000000000000000110000100001000000000000000000001000000000000010000000000000000011000010000110110000001101000000000000000000
00100000000000000000110000100001000011010100010100101111001110010010000000000000000011000010000101000010010110001010000000000110
00100000000000000000110001100001000000000000000000001000000000000010000000000000000011000110000110110000001101000000000000000000
00100000000000000000110001100001000011010100010100101111001110010010000000000000000011000110000101000010010110001010000000000110
00100000000000000000110100100001000000000000000000001000000000000010000000000000000011010010000110110000001101000000000000000000
00100000000000000000110100100001000011010100010100101111001110010010000000000000000011010010000101000010010110001010000000000110
00100000000000000000110101100001000000000000000000001000000000000010000000000000000011010110000110110000001101000000000000000000
00100000000000000000110101100001000011010100010100101111001110010010000000000000000011010110000101000010010110001010000000000100
00100000000000000000111111110010000000000000000000000000000000000010000000000000000000000000001100000000000000000000000000000000
11111111111111000000011110010000000000001101011111111111111111110000000000000000000000000000000000000000000000000000000000000000
01100000010000000100000100000000000000000000000000000000000000000110000010000000000110000000000000000010110000000101100000010011
01100000110000011100000000000000000000000000000000111000000000000110000100000000000000010110000000000000100000000000000010011001
01100001010000000000000000000000000000000000000000000000011001000110000000000000000111000000000000000111000000001000010100000000
01100000010000000100000100000000000000000000000000000000000000000110000010000000000110000000000000000010110000000101100000010011
01100000110000101101110000000000000000010000000001011000000101110110000100000000000000001110000000000000000000000000000000000000
01100001010000000000000000000000000111100010100000000000011001000110000000000000001011000111000000001011000111000110010100000000
01100100010000000010000010000000000000000000000000000000000000000110010010000000001100100000000000000110000000000100100000010011
01100100110000100100000000000000000000000000000001001000000000000110010100000000000000110000000000000000000000000000000010011001
01100101010000000000000000000000000000000000000000000000000011100110010000000000001001000000000000001001000000001000101110010000
01100100010000000010000010000000000000000000000000000000000000000110010010000000001100100000000000000110000000000100100000010011
01100100110000100101110000001110000001100000000001001000000101110110010100000000000000000000000000000000000000000000000000000000
01100101010000000000000000000000100101100010110010000000000011100110010000000000001001000000000000001001000111000110101110010000
01101000010000000010000100000000000000000000000000000000000000000110100010000000000100000000000000000001110000000011100000001001
01101000110000011110010000000000000000000000000000111000000010010110100100000000000000001110000000000000000000000000000000000001
01101001010000000000000000000000000000100001001010000000011001010110100000000000000111001001000000000111001001000010001100000000
01101000010000000010000100000000000000000000000000000000000000000110100010000000000100000000000000000001110000000011100000001001
01101000110000011100000000000000000000000000000000111000000000000110100100000000000000001110000000000000000000000000000001001001
01101001010000000000000000000000000000000000000000000000011001010110100000000000000111000000000000000111000000001100001100000000