00100000000000000000000000000001000000000000000000001000000000000010000000000000000000000000000110010000001101000000000000000000
00100000000000000000000000000001000011100111001100111011001110010010000000000000000000000000000101000000110110001010010000000110
00100000000000000000000001000001000000000000000000001000000000000010000000000000000000000100000110010000001101000000000000000000
00100000000000000000000001000001000011100111001100111011001110010010000000000000000000000100000101000000110110001010010000000110
00100000000000000000000100000001000000000000000000001000000000000010000000000000000000010000000110010000001101000000000000000000
00100000000000000000000100000001000011100111001100111011001110010010000000000000000000010000000101000000110110001010010000000110
00100000000000000000000101000001000000000000000000001000000000000010000000000000000000010100000110010000001101000000000000000000
00100000000000000000000101000001000011100111001100111011001110010010000000000000000000010100000101000000110110001010010000000110
00100000000000000000010000000001000000000000000000001000000000000010000000000000000001000000000110010000001101000000000000000000
00100000000000000000010000000001000011100111001100111011001110010010000000000000000001000000000101000000110110001010010000000110
00100000000000000000010001000001000000000000000000001000000000000010000000000000000001000100000110010000001101000000000000000000
00100000000000000000010001000001000011100111001100111011001110010010000000000000000001000100000101000000110110001010010000000110
00100000000000000000010100000001000000000000000000001000000000000010000000000000000001010000000110010000001101000000000000000000
00100000000000000000010100000001000011100111001100111011001110010010000000000000000001010000000101000000110110001010010000000110
00100000000000000000010101000001000000000000000000001000000000000010000000000000000001010100000110010000001101000000000000000000
00100000000000000000010101000001000011100111001100111011001110010010000000000000000001010100000101000000110110001010010000000100
00100000000000000000000000100001000000000000000000001000000000000010000000000000000000000010000110010000001101111111111111111111
00100000000000000000000000100001111100110010000011000111001110010010000000000000000000000010000101000000110110001010010000000110
00100000000000000000000001100001000000000000000000001000000000000010000000000000000000000110000110010000001101111111111111111111
00100000000000000000000001100001111100110010000011000111001110010010000000000000000000000110000101000000110110001010010000000110
00100000000000000000000100100001000000000000000000001000000000000010000000000000000000010010000110010000001101111111111111111111
00100000000000000000000100100001111100110010000011000111001110010010000000000000000000010010000101000000110110001010010000000110
00100000000000000000000101100001000000000000000000001000000000000010000000000000000000010110000110010000001101111111111111111111
00100000000000000000000101100001111100110010000011000111001110010010000000000000000000010110000101000000110110001010010000000110
00100000000000000000010000100001000000000000000000001000000000000010000000000000000001000010000110010000001101111111111111111111
00100000000000000000010000100001111100110010000011000111001110010010000000000000000001000010000101000000110110001010010000000110
00100000000000000000010001100001000000000000000000001000000000000010000000000000000001000110000110010000001101111111111111111111
00100000000000000000010001100001111100110010000011000111001110010010000000000000000001000110000101000000110110001010010000000110
00100000000000000000010100100001000000000000000000001000000000000010000000000000000001010010000110010000001101111111111111111111
00100000000000000000010100100001111100110010000011000111001110010010000000000000000001010010000101000000110110001010010000000110
00100000000000000000010101100001000000000000000000001000000000000010000000000000000001010110000110010000001101111111111111111111
00100000000000000000010101100001111100110010000011000111001110010010000000000000000001010110000101000000110110001010010000000100
00100000000000000000000010000001000000000000000000001000000000000010000000000000000000001000000110010000001101000000000000000000
00100000000000000000000010000001000010001000110110111011001110010010000000000000000000001000000101000000110110001010010000000110
00100000000000000000000011000001000000000000000000001000000000000010000000000000000000001100000110010000001101000000000000000000
00100000000000000000000011000001000010001000110110111011001110010010000000000000000000001100000101000000110110001010010000000110
00100000000000000000000110000001000000000000000000001000000000000010000000000000000000011000000110010000001101000000000000000000
00100000000000000000000110000001000010001000110110111011001110010010000000000000000000011000000101000000110110001010010000000110
00100000000000000000000111000001000000000000000000001000000000000010000000000000000000011100000110010000001101000000000000000000
00100000000000000000000111000001000010001000110110111011001110010010000000000000000000011100000101000000110110001010010000000110
00100000000000000000010010000001000000000000000000001000000000000010000000000000000001001000000110010000001101000000000000000000
00100000000000000000010010000001000010001000110110111011001110010010000000000000000001001000000101000000110110001010010000000110
00100000000000000000010011000001000000000000000000001000000000000010000000000000000001001100000110010000001101000000000000000000
00100000000000000000010011000001000010001000110110111011001110010010000000000000000001001100000101000000110110001010010000000110
00100000000000000000010110000001000000000000000000001000000000000010000000000000000001011000000110010000001101000000000000000000
00100000000000000000010110000001000010001000110110111011001110010010000000000000000001011000000101000000110110001010010000000110
00100000000000000000010111000001000000000000000000001000000000000010000000000000000001011100000110010000001101000000000000000000
00100000000000000000010111000001000010001000110110111011001110010010000000000000000001011100000101000000110110001010010000000100
00100000000000000000000010100001000000000000000000001000000000000010000000000000000000001010000110010000001101111111111111111111
00100000000000000000000010100001111110100000110101001011001110010010000000000000000000001010000101000000110110001010010000000110
00100000000000000000000011100001000000000000000000001000000000000010000000000000000000001110000110010000001101111111111111111111
00100000000000000000000011100001111110100000110101001011001110010010000000000000000000001110000101000000110110001010010000000110
00100000000000000000000110100001000000000000000000001000000000000010000000000000000000011010000110010000001101111111111111111111
00100000000000000000000110100001111110100000110101001011001110010010000000000000000000011010000101000000110110001010010000000110
00100000000000000000000111100001000000000000000000001000000000000010000000000000000000011110000110010000001101111111111111111111
00100000000000000000000111100001111110100000110101001011001110010010000000000000000000011110000101000000110110001010010000000110
00100000000000000000010010100001000000000000000000001000000000000010000000000000000001001010000110010000001101111111111111111111
00100000000000000000010010100001111110100000110101001011001110010010000000000000000001001010000101000000110110001010010000000110
00100000000000000000010011100001000000000000000000001000000000000010000000000000000001001110000110010000001101111111111111111111
00100000000000000000010011100001111110100000110101001011001110010010000000000000000001001110000101000000110110001010010000000110
00100000000000000000010110100001000000000000000000001000000000000010000000000000000001011010000110010000001101111111111111111111
00100000000000000000010110100001111110100000110101001011001110010010000000000000000001011010000101000000110110001010010000000110
00100000000000000000010111100001000000000000000000001000000000000010000000000000000001011110000110010000001101111111111111111111
00100000000000000000010111100001111110100000110101001011001110010010000000000000000001011110000101000000110110001010010000000100
00100000000000000000001000000001000000000000000000001000000000000010000000000000000000100000000110010000001101111111111111111111
00100000000000000000001000000001111111001101000000110011001110010010000000000000000000100000000101000000110110001010010000000110
00100000000000000000001001000001000000000000000000001000000000000010000000000000000000100100000110010000001101111111111111111111
00100000000000000000001001000001111111001101000000110011001110010010000000000000000000100100000101000000110110001010010000000110
00100000000000000000001100000001000000000000000000001000000000000010000000000000000000110000000110010000001101111111111111111111
00100000000000000000001100000001111111001101000000110011001110010010000000000000000000110000000101000000110110001010010000000110
00100000000000000000001101000001000000000000000000001000000000000010000000000000000000110100000110010000001101111111111111111111
00100000000000000000001101000001111111001101000000110011001110010010000000000000000000110100000101000000110110001010010000000110
00100000000000000000011000000001000000000000000000001000000000000010000000000000000001100000000110010000001101111111111111111111
00100000000000000000011000000001111111001101000000110011001110010010000000000000000001100000000101000000110110001010010000000110
00100000000000000000011001000001000000000000000000001000000000000010000000000000000001100100000110010000001101111111111111111111
00100000000000000000011001000001111111001101000000110011001110010010000000000000000001100100000101000000110110001010010000000110
00100000000000000000011100000001000000000000000000001000000000000010000000000000000001110000000110010000001101111111111111111111
00100000000000000000011100000001111111001101000000110011001110010010000000000000000001110000000101000000110110001010010000000110
00100000000000000000011101000001000000000000000000001000000000000010000000000000000001110100000110010000001101111111111111111111
00100000000000000000011101000001111111001101000000110011001110010010000000000000000001110100000101000000110110001010010000000100
00100000000000000000001000100001000000000000000000001000000000000010000000000000000000100010000110010000001101111111111111111111
00100000000000000000001000100001111100010111011001101011001110010010000000000000000000100010000101000000110110001010010000000110
00100000000000000000001001100001000000000000000000001000000000000010000000000000000000100110000110010000001101111111111111111111
00100000000000000000001001100001111100010111011001101011001110010010000000000000000000100110000101000000110110001010010000000110
00100000000000000000001100100001000000000000000000001000000000000010000000000000000000110010000110010000001101111111111111111111
00100000000000000000001100100001111100010111011001101011001110010010000000000000000000110010000101000000110110001010010000000110
00100000000000000000001101100001000000000000000000001000000000000010000000000000000000110110000110010000001101111111111111111111
00100000000000000000001101100001111100010111011001101011001110010010000000000000000000110110000101000000110110001010010000000110
00100000000000000000011000100001000000000000000000001000000000000010000000000000000001100010000110010000001101111111111111111111
00100000000000000000011000100001111100010111011001101011001110010010000000000000000001100010000101000000110110001010010000000110
00100000000000000000011001100001000000000000000000001000000000000010000000000000000001100110000110010000001101111111111111111111
00100000000000000000011001100001111100010111011001101011001110010010000000000000000001100110000101000000110110001010010000000110
00100000000000000000011100100001000000000000000000001000000000000010000000000000000001110010000110010000001101111111111111111111
00100000000000000000011100100001111100010111011001101011001110010010000000000000000001110010000101000000110110001010010000000110
00100000000000000000011101100001000000000000000000001000000000000010000000000000000001110110000110010000001101111111111111111111
00100000000000000000011101100001111100010111011001101011001110010010000000000000000001110110000101000000110110001010010000000100
00100000000000000000001010000001000000000000000000001000000000000010000000000000000000101000000110010000001101000000000000000000
00100000000000000000001010000001001001111001110110110011001110010010000000000000000000101000000101000000110110001010010000000110
00100000000000000000001011000001000000000000000000001000000000000010000000000000000000101100000110010000001101000000000000000000
00100000000000000000001011000001001001111001110110110011001110010010000000000000000000101100000101000000110110001010010000000110
00100000000000000000001110000001000000000000000000001000000000000010000000000000000000111000000110010000001101000000000000000000
00100000000000000000001110000001001001111001110110110011001110010010000000000000000000111000000101000000110110001010010000000110
00100000000000000000001111000001000000000000000000001000000000000010000000000000000000111100000110010000001101000000000000000000
00100000000000000000001111000001001001111001110110110011001110010010000000000000000000111100000101000000110110001010010000000110
00100000000000000000011010000001000000000000000000001000000000000010000000000000000001101000000110010000001101000000000000000000
00100000000000000000011010000001001001111001110110110011001110010010000000000000000001101000000101000000110110001010010000000110
00100000000000000000011011000001000000000000000000001000000000000010000000000000000001101100000110010000001101000000000000000000
00100000000000000000011011000001001001111001110110110011001110010010000000000000000001101100000101000000110110001010010000000110
00100000000000000000011110000001000000000000000000001000000000000010000000000000000001111000000110010000001101000000000000000000
00100000000000000000011110000001001001111001110110110011001110010010000000000000000001111000000101000000110110001010010000000110
00100000000000000000011111000001000000000000000000001000000000000010000000000000000001111100000110010000001101000000000000000000
00100000000000000000011111000001001001111001110110110011001110010010000000000000000001111100000101000000110110001010010000000100
00100000000000000000001010100001000000000000000000001000000000000010000000000000000000101010000110010000001101000000000000000000
00100000000000000000001010100001000010000110001001111011001110010010000000000000000000101010000101000000110110001010010000000110
00100000000000000000001011100001000000000000000000001000000000000010000000000000000000101110000110010000001101000000000000000000
00100000000000000000001011100001000010000110001001111011001110010010000000000000000000101110000101000000110110001010010000000110
00100000000000000000001110100001000000000000000000001000000000000010000000000000000000111010000110010000001101000000000000000000
00100000000000000000001110100001000010000110001001111011001110010010000000000000000000111010000101000000110110001010010000000110
00100000000000000000001111100001000000000000000000001000000000000010000000000000000000111110000110010000001101000000000000000000
00100000000000000000001111100001000010000110001001111011001110010010000000000000000000111110000101000000110110001010010000000110
00100000000000000000011010100001000000000000000000001000000000000010000000000000000001101010000110010000001101000000000000000000
00100000000000000000011010100001000010000110001001111011001110010010000000000000000001101010000101000000110110001010010000000110
00100000000000000000011011100001000000000000000000001000000000000010000000000000000001101110000110010000001101000000000000000000
00100000000000000000011011100001000010000110001001111011001110010010000000000000000001101110000101000000110110001010010000000110
00100000000000000000011110100001000000000000000000001000000000000010000000000000000001111010000110010000001101000000000000000000
00100000000000000000011110100001000010000110001001111011001110010010000000000000000001111010000101000000110110001010010000000110
00100000000000000000011111100001000000000000000000001000000000000010000000000000000001111110000110010000001101000000000000000000
00100000000000000000011111100001000010000110001001111011001110010010000000000000000001111110000101000000110110001010010000000100
00100000000000000000100000000001000000000000000000001000000000000010000000000000000010000000000110010000001101111111111111111111
00100000000000000000100000000001111100011111000001101111001110010010000000000000000010000000000101000000110110001010010000000110
00100000000000000000100001000001000000000000000000001000000000000010000000000000000010000100000110010000001101111111111111111111
00100000000000000000100001000001111100011111000001101111001110010010000000000000000010000100000101000000110110001010010000000110
00100000000000000000100100000001000000000000000000001000000000000010000000000000000010010000000110010000001101111111111111111111
00100000000000000000100100000001111100011111000001101111001110010010000000000000000010010000000101000000110110001010010000000110
00100000000000000000100101000001000000000000000000001000000000000010000000000000000010010100000110010000001101111111111111111111
00100000000000000000100101000001111100011111000001101111001110010010000000000000000010010100000101000000110110001010010000000110
00100000000000000000110000000001000000000000000000001000000000000010000000000000000011000000000110010000001101111111111111111111
00100000000000000000110000000001111100011111000001101111001110010010000000000000000011000000000101000000110110001010010000000110
00100000000000000000110001000001000000000000000000001000000000000010000000000000000011000100000110010000001101111111111111111111
00100000000000000000110001000001111100011111000001101111001110010010000000000000000011000100000101000000110110001010010000000110
00100000000000000000110100000001000000000000000000001000000000000010000000000000000011010000000110010000001101111111111111111111
00100000000000000000110100000001111100011111000001101111001110010010000000000000000011010000000101000000110110001010010000000110
00100000000000000000110101000001000000000000000000001000000000000010000000000000000011010100000110010000001101111111111111111111
00100000000000000000110101000001111100011111000001101111001110010010000000000000000011010100000101000000110110001010010000000100
00100000000000000000100000100001000000000000000000001000000000000010000000000000000010000010000110010000001101111111111111111111
00100000000000000000100000100001111111011101000100011011001110010010000000000000000010000010000101000000110110001010000000000110
00100000000000000000100001100001000000000000000000001000000000000010000000000000000010000110000110010000001101111111111111111111
00100000000000000000100001100001111111011101000100011011001110010010000000000000000010000110000101000000110110001010000000000110
00100000000000000000100100100001000000000000000000001000000000000010000000000000000010010010000110010000001101111111111111111111
00100000000000000000100100100001111111011101000100011011001110010010000000000000000010010010000101000000110110001010000000000110
00100000000000000000100101100001000000000000000000001000000000000010000000000000000010010110000110010000001101111111111111111111
00100000000000000000100101100001111111011101000100011011001110010010000000000000000010010110000101000000110110001010000000000110
00100000000000000000110000100001000000000000000000001000000000000010000000000000000011000010000110010000001101111111111111111111
00100000000000000000110000100001111111011101000100011011001110010010000000000000000011000010000101000000110110001010000000000110
00100000000000000000110001100001000000000000000000001000000000000010000000000000000011000110000110010000001101111111111111111111
00100000000000000000110001100001111111011101000100011011001110010010000000000000000011000110000101000000110110001010000000000110
00100000000000000000110100100001000000000000000000001000000000000010000000000000000011010010000110010000001101111111111111111111
00100000000000000000110100100001111111011101000100011011001110010010000000000000000011010010000101000000110110001010000000000110
00100000000000000000110101100001000000000000000000001000000000000010000000000000000011010110000110010000001101111111111111111111
00100000000000000000110101100001111111011101000100011011001110010010000000000000000011010110000101000000110110001010000000000100
00100000000000000000111111110010000000000000000000000000000000000010000000000000000000000000001100000000000000000000000000000000
11111111111111000000011110010000000000001011011111111111111111110000000000000000000000000000000000000000000000000000000000000000
01100000010000000010000100000000000000000000000000000000000000000110000010000000000100000000000000000001110000000011100000010011
01100000110000011100000000000000000000000000000000111000000000000110000100000000000000001110000000000000000000000000000010011001
01100001010000000000000000000000000000000000000000000000011001010110000000000000000111000000000000000111000000001000001100000000
01100000010000000010000100000000000000000000000000000000000000000110000010000000000100000000000000000001110000000011100000010011
01100000110000100101110000000000000000001000000001001000000101110110000100111111000000001101111110000000000000000000000000000010
01100001010000000000000000000000000100100010100000000000011001010110000000000000001001000111000000001001000111000110001100000000
01100100010000000010000010000000000000000000000000000000000000000110010010000000000100100000000000000010000000000100100000010011
01100100110000100100000000000000000000000000000001001000000000000110010100000000000000010000000000000000000000000000000010011001
01100101010000000000000000000000000000000000000000000000000100010110010000000000001001000000000000001001000000001000101110010000
01100100010000000010000010000000000000000000000000000000000000000110010010000000000100100000000000000010000000000100100000010011
01100100110000100101110000001110000000100000000001001000000101110110010100000000000000000000000000000000000000000000000000000010
01100101010000000000000000000000001101100010110010000000000100010110010000000000001001000000000000001001000111000110101110010000
01101000010000000010000100000000000000000000000000000000000000000110100010000000000100000000000000000001110000000011100000001001
01101000110000011110010000000000000000000000000000111000000010010110100100000000000000001110000000000000000000000000000000000010
01101001010000000000000000000000000000100001001010000000011001010110100000000000000111001001000000000111001001010010110100000000
01101000010000000010000100000000000000000000000000000000000000000110100010000000000100000000000000000001110000000011100000001001
01101000110000011100000000000000000000000000000000111000000000000110100100000000000000001110000000000000000000000000000001001001
01101001010000000000000000000000000000000000000000000000011001010110100000000000000111000000000000000111000000010100110100000000