10110001011001001100010111001100111101110110011011011100111101111001000100111000001110001100010110000100000010110101111001110000
10001110101011101111000110111100010100110100111000000001010000111010110001110011000110111001111100101101100101000001010111100000
11011010111111000111110111110001101010001010101010011010000101010101011000101001001001111010101111110010110010101100001101010000
01001000111010101011010111001011011111001000010000101000111000011001010100000010001000010011100110111011011101110110101100101001
01101000111101111011111100000111100010000100001111100000101000110011000110100111111100011010000110100011101010111110110011111000
11101001100010001100000101011100110000010010000001010011101000011110110000100001110100001000011101011100001100011110011000111100
01110111001111011000010011110011111100001001110100010111010011100010111000100010000001110010011110000111001001111000101101011111
11010011011011001100000111111111111001111101001011011010001110101000000000010111010110110001000111010011001001101111001101011001
11100101111110010100001100100010110011001111101101100010000100101010011100001111010100000100001010010110111010011111110100101100
10111001101000010000100001111001111101101101011010000011000011110111100111011110001010111110000000100011110010001000100110011000
01011000000101000101001110101110011111000101110010011111111101010000111110010010000100000000001011101111001000110111101011001111
01010001011001101001110000011001010110101011000111110100001001101101101000010111101111100111011101111011010000001001000100111001
01110101001111000000001100100001010111001011001010100101010001101101101001110011001001001011001011101000001100111011000001110101
00000100011110100011011011111010101100010110000101001111000010010100010100010001010011101110000101111101110010011100001000010110
10010011101100101100000001101001101001011101101100100000000000001001010111101001000010110100100010111110110000111011010110010011
00001110010101011110000101111001001000101100011001010010110001000010111001010000101110111011011000010101100111100001100000011010
10101001010000110101101101101111010101000111110010101110111111110001100111101001110110100010100000111000101011011011000101111001
10001100001010000001000110011001100010011100110101100111101101010111011011011000011000010111101001100111101000001110110001101100
00010000000001111100000000111110011101100010101011111001101101111011111111111100000110110111100110101010101010100111111011001111
01010101110110000011100100110001101011010101111100011101110111010100100111100001011010100100111101010001100110110100001000100001
10001000111011110110011010111110000011111011111100111011011001010100111000110100001110101110110110001111001010100011111111010111
01101010100010100110111011011101100001111110100101111001110110101001101110110011011001101111000001001000011010010001111011100010
01010100011100010010011001011110111001110000000110110111100111100100101001000011101100000100010000001000011000111001010010011000
10100001100011001011010110101000100110110011000100001010010000001011000100110011010000010111111111010110010101111010001010001010
11001011000000001101100101111000010011100111000000100011101101111110001010101111110011000001101010110000000110101100101110111010
10000111001011100110000011011100010011001100001011111001001011001110000111111000001011000111100011001100101110101100000111001011
00010101111111011111000100111000110010000010011011001000100110001110110011110101000001011101011110001101001100010100111111101010
00101011110000001001010000010110010111100101111110010000111111100110111001110111011011111010111100000111001001000110100010111110
01010111101110101001001101010010010011101000111111010101101011110011111111100000011000001001110000000001110110011011001010001110
01000010101111100011010110001001000000111010100111011010101110011110011001000101110100011001011000100001011001100000110100110000
01110101001101010101101010111101010111000111001011110011011011100001111111100011010000101110010110110000011111110100011000011000
11001001000111000011100101000011101000111111011100100011010101000110001000101000010101100111100111101101010111001001101111101111
01110000000110001011101111100001101001110010011111011110010110001011110011011100101100111100000000011110101010011110010101011101
00001010111001111100111000111000111101111001100001100000000111110110101011011101001110000000011001111101101001010111111111111110
11101111110110101010101000101101110001011111110100111010111101001010010111101110000100101001001111001100001111001001010011001100
00010101000110101000001111111010100001011011100011101110010100100011010010111011111111010001000101011111010010000000000100011110
01100001100001001101110001010101010001100111011000011010111000101110111001110101000001100011100110000001011011000011110010110111
00010110001111011001000100100001100010011011011000010100110100001100111110100111011101001010101011110101110100111011010000000101
00001000000100001000011111010000000110110100010011011100010001101111111001000100101000110101000100001101111010011111011001001001
10000011100010011011101011110001101000000010100101111101000011110100011101111000010011100111011110100000010110001100000111101011
10001001101101000010010011000100010101000100101011101111111001001001011101010100010100110011101000010101100011101001101100110111
00011111111001011011010100010010100010001010111101000010001100110011110110011001001110011100000100100010011111001011000101101101
01110000101010101111011100010010101000100111001101100011000011110010000110010100111101011010101001110010001101010011011000000101
00100101110000101101000100000101111010011110000111010000001110001011111111110011101101110000101011011101011100001110110111111011
00110000001110001100011111110000011111111000110010110110000101101010010001101110011100011000000001111100011101001011001111111010
10101000101100110110010001001011110111110100010011000001111000000010011101001000010111011100001101110001100010100001111110010101
00010111111100011010000001011110010111110001110000001000011001010101101110111110111111010101101101110110010100010111101100011001
01100111100101110001000001100010001000101111111011010110010000001110100000001000101000001101100101101100011011010110111011011101
11110110000110101011101100001100101111100100001100011111110111010010001110101101010001111011001000110011101011001000010101110010
10111111110111001011011101100001110000000110010110000100111111001001000100001111100010010110010101010101110001111101001011001010
10000101101001010110111101100100101100001001111100010000110000000100100011100000111110011110100111000001011101011100000111000010
01011010110101101011000000110111100100101000100101011101100010001001110100111000010010010000101011011111110010011110110011010110
00111100000001000001110010010101101110001100011001011101011111111000101100111100100100110011000000011111011011100110001000111000
11000110100000010010000110110000000011001011110100001101010011110110011001110101010110011001001111101001011101100001110011110111
11001000110011100011011000110001010101101001000010011000001110000110100010101110100100000100011110010001011111111100000100111010
11110111100001111010011110101111010001010101010110011110100101000010011101111111111000110010110010010100111001001100111000000101
10001110011101000001010001110101101010101111011110111001100101101010011101001001110010110001111101111010101010100001000101100000
10101111110110011011100001011011100110000001100010000111010100110110011001110001000001110010001010100111011100011000110011110011
00010001001001110011001000010001000100111011110000111000100010000011100000010000110011000010001001111000001100110100111101000101
10110011100100011011101100001011100000011010000000101100010001100001101101000011001111111000110000100100010101001111110001111000
10100001000101110011001011111111001010010011110001111000100100010000011000110000001110101111011100100000000000110010001001000100
01100010110011001101010111001011101010110000101010000011001010010001100010011111011001101010101110110100001110001111001110110011
01000001000101100001100110011100110010100111000010000000111110100011101110111110101110100111011001001010100011000101011110110011
10000110100100010011101001111001010110001111111111010100100001011000111111010000011001111011000011010111110100111000101100110000
01010101110111001011001001100100111110101110110000101110110010010011001100001110111101101110000011001101010100011100010001111100
11111001011100100110101100001011110000100000011010111010001010100110110001100010100001011111001011111100110011111111010001011010
10100000100101001110010101010100010111101011110110001101001100110000110010101101010000110000010010111001001100000101111001001110
00110101011111011111111000011011010110110101001001001010100010000100110000110010001100110000000010000001010011010101000100100101
00101101110011110010111100010000110000101011011000001101000110001101000010100101100000101001111010001001010010101010101001010001
11000010000100010000000001111011000100010100101100100111110111000100011111001101110100010000000100000100100010000010011110111110
11011001100010000001000000011001101010010111011110111111010010111011100101110100011100110111101101110100110111110110100010011111
00111011100101101001010011001010011111000011111101011110010100100000100010110111000101100111110101001000100001110110110000001100
01111011100001001101011011001000000010001010010100110000011111101000000001000011111111000011111010101110000001111010011100011110
10010111100000111011100101100011011110110000101011011010011000100010011100010000011001000111110110001110101111100100000101110110
11010000001010101111011011111010111010000001011110111011001111001011111101000001001011110111100011011101101010011001101010001011
00111100010101010100001011110001101110011011111010010011100001100000111100101100011001010000100011100011001010001111101110101010
10010000111000010001100000000100010111100001100001011110001110101111011010010001101110000101100001001101001100000100100000110101
00001010110110101110111101111001100100001110110000010101111101111101010001010000100010001100000000010001000110010101000100011010
00101110000000111001001101011010101010010001100111111010000011110010000011111110111110011000001111101011110000001110111100110110
10110100111111111101010110110110001101110010101110010011011110000011000011101110101000001101010101101111010100010001011011010011
11110110110111010011101110100011101110001110000000000010001111100010011010010001001000001100111010101101000000101010100100100110
01101101101000101000110100100110010001001111100010100111010110000011001110011110011001000111101000001010000101010011110110110110
01111111100010100101111111011110110000100111011000101001100110101001101101100011011010110110100101000110111001100010011001000000
00110000011010011101111110111111011011000101000001111000101101110011111011000100010001111101101111111100010101110011111011010011
10110000000110010111010111101111100101101111001111100100010101111100111011110010110011110101110001100111100000000101110010011110
10000000111110111110101111110000011011001101011010011001111001111100001111110001001010110111111111101110001000111001110111011000
01101011000011001001111100001111011111110110001111100111010010010001001111111011011110011000111100000011011100111011001000011000
00011011101110001100111001010101000111111110010101111000100011010011010010010110000011101000100100010010010001000100110100001001
11010000001011101110101011010011011100000000101110001101011100011000010011110011100010010101110011000110011011001001111011001110
10000011010110001011100100011000000110101010010011011101011011100101011111001100011100001111000111101011110011101110110110110101
01100001111111001100001000101111111110111101001011000101011000011000100101001110101100100000101100010011011001100001010100110110
00010011010100010111101001111001111010011010110001001100011110111010011101100110000101110101110011100000100001101010010001010101
00011011010100110100101011000010100010011000001011101110001101110010000011010101011110111101100010111111010110010000000010011001
00010111011000111100100100110100111101101101101011001011001010110111011101000101010110101110111100001010001100101001101011011100
11011111011000011001001000000000111000100000001100011000101011111101000111110010101000011100000110100101010001100111100110001100
00011010111100010010111110100100100100110111001011000101110110111100000100111101100011011101011000101110001000111011111001011001
00111000111010100100001001100111110000100110101010100101101101001100011011000000110101110011011101100011110010011010000101100011
01000001111111011010111100011001000001111011001101100011000110000000010100100010001010110101100010010011011110111001000111111010
11110001111101101100111111100101001111011001011101101000110111011001111101000111010110000110001000110110110011011011011001010011
10000101010000100001110100101111011000011110000001111100100100111001001111101110111011110111110000100011100010000110101101001110
11101011110010101100000101100111010010011111111110010001011011001001010010100010111001111000011010011110000000011110100001101111
10111101100111100000101101111101101100101100100110110001110111011010000111000010101111011101101101000011000111001011101010000000
00001110010011000100110000110111000111001011111101100001000100100001010001010111110111011100011000100111101001000101111100100110
00111010000000011111101111110101010010001101011101001111001011110000010110001000100011000011100111110100100001001100001011111000
11110101000111011010111100110111010110101110000000111000000011001010011101101001000101101010101110100100010011110001100010111010
00010101100011011001110001001101100100010011101110011100111111101000001000011101101111011011101010100011000101010001001110011011
10001010001110010010101100110100001100110111001010010101010010101011110110111110110100001010011110001100001001010111011101111110
01001110010111010010001110111000100010111001101000111000000111111101000100111001000001001111010111010110111100001101110110100100
00111101111010101001110100110101011101011011010101111110010000001000000101110011011111101110111011111001001010101110001000101100
00111100110101100110011011011000100100110001000100011010110111000100001001100001000011111111100000011000110101101000111101100001
01010000101111001001001100101101011111011101010100001010101011101111110010111001010101000000110010010111110011010011000110100100
11100110111101001101001110011010000101010101110001101001010111101100110010110110001010011110101001000000111011001110011100001000
10100010101001001110110101010011101111101000000111001011000011000000100001101011100011110011011101011110001111111101000111110100
00100110001100111010000010110100000010000001010100010100000001111001110011110111110100100111000010100110110010100110011101000001
01010110000011110100110111000000000101001110000101011011100010011000110100000110011001001101010101111010000111111011010111000111
10001110010011101010000010010010111000100010101100000111000010100011110011111101111001000100101000100000100100101110000001101000
10110001000011000110111110110010111000001011001011100000001101001100101010111101011001010111101000010110001011111011000000001100
01010010010110011100111010101111011110100000000010111010001000010110001111111010110001111011110100001101110011111001111001000001
00001001000010111111001111110111100100101110111100011100110001001010000010111010011001010001101110101101000111100111011010010100
01110100010000111011001100110011000110110000100000111000011111111001011001000101010011111011010010100100100101110111111001010010
01101001011011101100000001011110001100010001101001001100100001000010110110101001001110111110101011100100101000000100001011001010
00110001011001010110110000001001010101111000101000001111000101011110111010111100110000010001100100011001100100011111000001000111
11011010010000101011010100100101101111010100000011110000111100000010010010001000110010010011010011010000011101101100000000000010
01100110101010000101000101100000111111010111100001111011010111110101001101010011000110001110000010000100000101101110010000001101
01010001101010110100101110001101000101110110011001100101000010001100001011101000001110110100010100000000001001011111110010100010
00101100100111001111000110101010100111110010000000100000111000111110110111111101101001010110110011001011110110001100100111000111
01101001100100110010000111111011011011110010110011110001110101101010000001110101110001101011000000111110110101100011001000111010
11001010001100101101010101011101110010001111111101111010101001101111001001101010110000000100011001111100011101100110011001011111
10111011111101111100001001011101111100000111111111001010110101011000101010111011011111010010110000110010001101000011001010100010
10100011100101000100111001001101011110100000100111011000111001011001111100100000111100101000100010101011010111011111011110011111
10100110001001110100101010001001001101011111100111110101100010010000101111101101111001011001000000100111110000010000010111010010
11011111111101100101111011101001000110001101010001100011101110110011010011001111100001100101011111011011110100100101111111100011
10110111111110111010010101100000001111011110100110001001110001101111001111101001000001101010101110100101000001001101010010010111
00110011110010100000011111100001101000010110011111101011100010101010001000110010101010010101000011110010111011111010100101011101
11101010100101001111111100101000110000001001000011001011000110001000001111110011001010001110110000101010101001010110011010011101
10011111011101001010111010010110000001110000011110000101010010001010100001111101110000001010001001110000001001100111010011001110
01010111001000111011011101001111101011111010001010101010111101001011101111001001110101111010101000101011010110001100100101001100
00010100100011011101010101010010001101111110111111001100011100101100011100101001001001010001001001100111101111100111111111101111
11100110000001000101011100010110110010111010001001010011011010100011000111111110111100100011001111000111001111100011011110110101
00110111010111111101101010111011011000111100011101101011110001010111111000011101110001010000000110000001111000000110000111000000
01000101100001101100100000100010110000001100000011110000000101001010110001111011110001010001011100111111100000001110011001111100
01001000001010100110110100100101100110100000001001110000111000101001011011001000000001001111000001101001000000001110010111000111
11101111101111011001011001011000010001100011100010000111001010111000000010101000010011101111111111011110100011000110001111101110
11110000110001100011101011001100011010011001100111001101101111101101111110110111010100100011110001000111110101010100000101111100
01101111100010110000111000001001110011011011001101111111011001011110110000111100110111010010101011101101110110101101011010010110
00000010111011011111111010111010011110010111000101111100110100011001000001111010100001011110111011000010111111010110101000000000
11010000011111101010010011101001010101011111110011011100110011110010010001011111101101101001111001011111001001001001100001100011
00001011101001110110111101110001010010010010110011101101110011111010000001110010011101000011111011110000111000110000110010101000
00001010100010001010010010000100000000101111000100100000000000011111010000111000010010010010010110011110101000111000010100000000
01101010011111100100011010110011000100111000011101100001101000000001110110001111100011101111011001001011001111100011000010100111
00011010111001000110010111110000001011000101101011010110010111110110101001110111111111111000010101110100110011101010101010100001
11100001000010100100110110110010010101011010000001000011100101000001011111110101010100101100111011100111001100100111001111110011
01010111011011011100111001110010011000100111101101101000011010011000101100010101100000001000111111011011011001000001110100110111
00101101100101111001110010110101000011100100001111100001110100101100101100110010100110001110100001110000000101101010110111000111
11110011000000000111000110001101011100100010011001110000100101100100110001000101110011011000001100011100001000100010000110100010
10100110110011100111001110011010100010001011110001110110010110000000101100111011001011100110011001000001000011100011001101000001
10111001110010101100110110110010111100011101111000110000110000111010001101001001100001010001010110001100000000011111110011010010
10101000010001110000111110100101100000010100111001000010001010011010111110010101000101100111000000101100001110010111010100101001
11010010000100001010011010011001111011100000101100100110001111010000000001001111000011011010010011011001010000100100111111110100
01111110000111111101001000111000101100000111110001111000000010000001011110101010001011111100000011001111010000010011011110000001
01011001101011110000111110011010100000100010001111101000000110000010101001001011010110010110000111101000000001110011010011010101
11011101101010111111101101100111100111000111011110101101101100001000111000011101000011100001111101001001111111110001011100100010
01100011101011000000011110000000110010110001010000000111011101101110001000101001110101010011111110100110111011100001010111100010
01000111100111011100110001010010011111111011111010111101111011011111011001001010101101101010011010001001111100000110011010101100
00011101111111101101110001011101010100101000110001111111101101110010101111010010101010110011010101001001110110110110100111100010
00110101110010001011000101111010111011111101101001010101110110011001110100010100000001010111011101110010000110010011111000110000
00111111101011010100101111111011100010010000101000110100001010100000000000110111101101100100010101111101101100110110101011001000
10111111110111101100001100101111101111101101010101100100000011111001100101000011100100000101101001101110111111000110101010000111
10001101000001010110110001111110011011111100011111001001101011111011101101100101111100100101000111110010011110001000101001011110
01001010101111011110100010000001101011010000111111101110101100001010010111010000000100001010101100100101110110111100011000100100
01110011000100100100100000110101011011001001100010110110000010000110010000000001010111010000100010010000101100100000110011100010
00001110011001110110101111101111010110011110110001001001000111100011100000011000000100010001010010001000110001010000010100011110
11011011111010110100001001101001110000000101000010100110110011101100101100100101001110100001101001101001000100100011001000000100
10100000100000101110100001111001010100101000011110000010000000011101110110000100000101100110001101001100110101101100001101111111
00111101100111100010101101001010111110000001001101011100100001100001011100101000000100101011000100100101011101000101101111001011
11000011011100111111110110010100100110111011110111100000011001101010001101101000000000110101001101011001010100000101100010011010
10110100000100101010100100110000010101010010111001000110111011101101010111010101011100001001001000011100000000110011110000111001
11010010011001110001011100111011111110000101000110000111010110001000011110011001100000100011110001101101000101000111001010111101
01110010111111000111001100100011001000111001100001100001001100001001111010110110000010010110111111110011010001011001111101000011
00010111001101010101101111101110000011111111010100010111111101000101010000100011011110000000000101001000010101011101111101110110
11000110100101101010000101000001110011000101011001110101110111010111110000011000011000101110110000101010101111110000111110100111
00000000010111000101110010111000010010000110010010000110010100001101100101100001110011010101101101010100100010000101110111100100
01110101111110111110010011101111010000100010001000111100011110101110000100010001111110110000000110111100101100001110110000001010
01110101100110000001001101100010010010011011000111110111011010010110001100101000111100111100001000010101110101000101101111010110
11001101001111000111111111001110100010111100001010010010101101101000100111110011111110100110110011001000000010010001000011010011
01000111111101010101011101001001000000111100111100111011111101111111100101001011110110111001111100100011101110011110101001010001
11000010100100101011101000100010110100001000101011100000111011110000001011000110111001111111111010100100010000111111011101101001
11111001111111100111000110110100010111111011100010101101110011100001000010100011111010010100000100100110001001001111100110010101
00010001101110111101000000101011101001111000111101010110011001010010011101101010011001001001010101111000001100001101010010000000
10001010110111011110000111101001010110011100111101110001011011101011000100100001111100000011011001000001110111101000011000111010
01011101010101011000111000101111000111011010100111000111100000000000110110111111000010001101101011111010111111011111101111011100
00100111100111111010001111010000011100111011000010100000000111101110101100001001111101100111011001100000111010100100000001100101
10100001010010001001101011110100101010000101010001011000010011101101100010110110100111101001110000001110110100010110000110100001
11011001101010011101001101111111111001000100011110101000000011111100111000111011100010110100101010110100101110001100000001101000
00010110110101011111101011100011100000100111011111010000010101000011111101001001100011000000111101110111101100001000001111111000
11010111011101101011001101000011110010110011010001010110000011110111001001110011000100001111100111111000100110110101011010101000
10101101001000100110001000001101111101111111001111010100011101101011100110100000001101110101110101010000000110111011101011011100
01011011001100000111010101101101010000000001000101101000101111111101111011110001001100111100110001110010111101001100100101101011
11010101010111100010100000100111111111010100010110101010001101000001011110111110100001111111101110110110001101101111010111011111
10110010000010111101010110111000110101010111010100101100111001111001001001100000111100101111011010110100010101101110110100000010
10110100011111001101001100010110100111101101110011011101110100011100010110101000001000011011000011100101000101110100001001011111
00001010100001111110111010010101001111100000010100100000110100100100101100001011010001111110101110001010011000111111110001001010
00100010101011100100011101101110011101011101000000100010011101111001010110000110000001011001011011000101101111001001111010111010
00101111001101110001100010111100110000011010101101101001001101010010010001010111100110001101111111111010011010000010100110110111
11101010100001010010110110101000000000111110111000101100001111110010100011110011111011111011001001011001110000101111011101001111
11110101110001001011100101000101111010111011011010010100101111100011110100000100110001000110010000000111000111010110010010010001
10111000011101101110010100010111010011111100001000110100111001000011000011011011101010001110101101011001010001000010101000100110
10110010100101110011010111010111010001100111100110010011000010000100011110110100011110011001001111111011000000011101010001100001
11010100001010111110001110111000011100011011110010010101001110100111100010010110010001010011010110101010110110011110110100111111
01111001111010011001110110001100000011111001111110000010101101110101010111110100101001001011011001001110100010110001000101110111
01110111000110100111101001110110111001111110111100010010111011110011011100100011011110100001110010100001110000101001110011110101
01110011100110100001010110001100011100011000010010110110011011100001111011001010110110001011001110001000001110111000000010100000
00100111010001010100101111010100001100101101001111110001111101111010010011110010001001010101110101110111001101100101110011100101
10011100100010111100110000011000101100101110101100101100000100001111011111110111010101001011000001011110100010110110000000000000
11011111101001100001011010011000011111111100000001100111001100010000010100111010010011001010100011111101101001100111110100010101
10001000100011000001000010111110010111110011001010101110011010110000010011111010101011101101001100011101110101111100010011000000
00101110010000010001000001010100111010111000001001100101111001010111101110011000001010110101100100100111011011111001010111101100
10011101001100111010101101110101111110011000010011010010101001011111000110101100110011101100110010011100111000100110101010100110
11111000100101101111000010011010111100101111010110000111110000011110010000101100111110011001000100000011101000110010110100001110
11100101000011111101000111111100101000010011011001111101110110101111001100000100000100001011000001001010000000000010011000011011
11010101100100101000000000001000101101000001011011000011001100011011011010100000011000101100101111111011001110101100000101010101
01001010010101110001011100100011011010011011101101110001111001100110110101001011101111001001111011100111000011101101111101110110
10111100010111011110101101001010001111011101000011101000111000101100001010010111010001110000100001110011001010111001001000111110
00011101110111011010000001100110100000011111101001110001000101111111001111110000001100111011101001010100001000011000001101100000
10101111110110111010100100010001001010000110001101100101011100111111100010100000100000011001101110011100010101101110011111111111
10001001000111011100000101011010111001111000000110110110111110100111110110101101001010000010000011110101011001100111011010111011
11011010001001100001100101001011111000110100001010110100100111110100110001000000111011011001101100001100101111101111000100011010
01001110000110110001110010110100000010010100010101000001110111001001000011010000110100000111100100001110100100001100001110001111
00111100001100001011110110001100110101100011011111010100100110001001001101110111101110010011001010000101110001010001010100101011
01011011111110101000010101010110011110111110110110000111110001101100101100111100011000111100000110001101111001001111001111011000
10000110000100010001100000001001111100011001000000100001000111100001110101100011000100101101001101101010000110001001101111100100
10111001101000111001101011110010011010001110000110101101001011101111001110111101101000010000000101101111100000110010110011011011
01101110100100000001101111010110110011101111001000101010101001001101000101010010100000101010100011101101111001100001110000001010
10011111111010110010100101011111001010011111010110000110010011010000011110110011010101010001110110111100110010001111101001001000
11110001010101001011101111110101010000110010000000011100110000100011110001100101111011101110101011100101100011101110111100111000
11101110000011111111001010011111111100100111011101110001101001111011010011000111100100101110001110000000110101010011000011001101
01111110101110010111000110101101100101010111010111011111010110010100110100100001000111011110100101000010111011000001011000101010
01010111001111111010000101011100100110100010100111101001101100000111100000110110101100010101110001111100010100011010010111111111
01000000111101101010011001111110011111001110011010010011000010010101101000110100001101100000101001011100000101010101110010101001
11110011000100101001011001100010110111100011100101101000011001000011100111101001101011100111010110111000001010101101111001110000
11111011100111101011101101101001100100100010100101101101001111100100000111000011010101110000111110001100000100111010111001111101
01010101010101001100011010111100011010010001111011011111101000110011110000100001000011000101100100010000101011101000000110100110
00011011111110011000101000111111001000101110001101110111110110100101001010101000011011111011100001101011011110010011010011011001
10010111000001001101100100001001000010000011111100110000000100010000101000011000110110011001001000101000100010101111101111001010
10010010111110000010010011001111100001110011101110101001001111100001010101101101010001000100111001010010011011100111101101011000
11110110011001101000001100111111010110001101110111100101010000111011101011010000000011011010010011000111110101110100011101101011
00100100111101001111000010001110001000111110100000110010111001110100010000101011000011011110000011100100011010101101011011101101
01111001100111111011100010010101000100001100010001111001010001101110110011001001000100100100100000110110011001011011011101011000
01101000110010011010011010010000011010000100111100110001000001101011100000110101111101011011111101000010110101100010001101001110
01110101010111011011000101101111100110010110100110010101101000000000100110101110010000001000111110010100000011101101110100000110
01000000110001000111101111100000100100001011101000001110000101001001011101111011001110101010101111001001101011000011111100000110
00111100100101000011111001000100001110001001101011100000111001101011101010000010101110000100011011000001011010000011000100000111
10110011000000100011100100010110111010101011110100001111110011001001100100010010000110100011110001111110110111010001101011000101
10101110011111010000100110111010111000110000010110100101100101111000101000100001011001001000010101000010000011101000010110000011
10000011111110100011110010110110011110000101100001010111000001110100011001010101000000011010011010010011111111000000101111110111
10010010100000011000000110110101111010110001100101111110111110000101111011011100100111100111011110010010011110101011110110110100
11110001001001011101100010100100111001101001110010010000000110000101010100111101000111010101010101010110000110110000110011110011
00101101001001111000011001001101110100101111011000001011000001011000001001101100100011101101001011010000101011001000111010011110
00111001000101001111100100011010010011000010010111100001010011111111001001001100010110100110110000000001011100010111100010100010
11001011000010111011100010101011110110010010101101100100010110101000001000111001111100011011110011011010101011101000111101010011
00100101001101110011101111010001110110101001100011000111111111110111100100010111100000011010110000011000011110100111000000100111
11100001100011001011111110000101010010110000001101001110000011001110011000110110011011110011001001111001000100001010011000110101
01111111100011111001001001000111001110111100000011110010111000011111111000101001101110011111001010100110010001010111100000010110
10110110000110011000010101100001101000100000101010000101001110101101110010101000000011110110001110100111100101101111111011001110
11110001110010000101101101011101010111011001001111010110011001101101001001010111101111110000100001001111111101001101011011010011
01111100100111111111010100010001101110010110101010001111110010001101001010000111101010111111000110111010000111100111010000100110
01000001010101110011011000110110100010110101111110010110001001100111000101000011011000011100111100000100111001000101110110010101
10111101101010111100110100000001100111010101000100011100001001110001010101000001010111100000101111111111101011101001111011011001
11100110111001110100100110001010000010111010010111100100000011100111101001111001001100010001101000001001111000100111100010100110
00010011010000011011011000110111110100110111011001110000010010010000010000010010100101001100111010100010100101111110100101010010
10011110000110100101000000110000100101001010000001010110010100110110111101110001100010111100100101101111110000000100011011010100
01001110111000111111100001101001001000111000011111011001101101011010010001010101111101011101101110011111001001111101010011101011
00011100111101000110101011000011010110010000010001100111110110010110110001111100010111001100111000001001011011000010000000111101
11110100111101011011111010100010000101100011101001110101110000100100110000001100110001100010110110010000011101100110111010110111
11111110100001111100100111011100010001110100000101000010110100110111011111111100110001000010101111010101010010001111011111101011
11101111000111010011111000100101100111000111001110000001101011111000011001101110110010101111101110100100101010011100100110110101
11110110110011111111010110100001100111000010001000100011111000110111000010000110101000110110100001010100001010101001110001100001
00101111111001000010100111101110010011100101001110111100111111110001000001001110101111100111100001101101010001001011010001011011
11111010110001000010110011001101001010011100100110010010010011101001111010001100110010000011101000101011101011010011110100111100
10111001110100011100011010100100010110101000110101010000011011110011000000010100100011000010111001001000101000101111101110111111
10000000101000110100011100111001001100010101101001011100100100101110010011000001111101110001111110101011001010100011111011101010
00111001101101001000100110101001100011101111000000111110101010000001100010011101110001011011010100000000000011101110010100100000
00101001011001010111011011100101000011100110000111010000010001000001101110010111110001000000011110101111101001010110110011100110
11001000111000110010000010001000001111110101000010101001110111010011000010001000010110010011101110100010010010111000111110000110
11010110101110010101010000101011100111110011010111100110110101111100000111100100111010110101001011011111101001011111001000001010
01100000001010001000110001000100011010110111111000010011011111010010000111101101101110101011100000011000010110011011000110101011
11000000001111101000111100010110100010000101100100001011111011011110001101111000101101100000001001100110111110110011011001000010
00001100100110011100111000110010111100001111111011001011101001011001001000100001101101101010110110000111100101011100011110101001
10001100010100010111100101000110101100100001100010110110011011100000011001000111101011100001110101110011100100000000011110010101
10001100100001100111100101110010111110011110011111100000100100110000000001000100000011000100111011110010001001001111000001000001
00010100111001100110011000111001000011101001101000111011111000111100101001010100110100001100100100101001100110011111001010101111
00000110010010101011011110011000100011011000011111011010100000001110110011110110110000011001000000001000000100100010010010111101
10100000100101000100001011100101001001011010010000010110101111000110010010010000100100100011111101110110000001010010111110101001
11101001011001101011000101010100001100110110000101010111101100101110110110001110101100010010111110010011111111100101010001101100
01110001000011100111101100001010010010011101101110011011111000010010000101001100000110010101000101110001110100101101111000100100
11010010001110010111101000101001101110000111011101111111100111011111101110110000010011100101101011011101001010000001000101000010
10111100111011010000001100100101101000010100101101110100001110010010111011101101000000011101111010001100010111010110011110011100
01010011101101011100010101000001100110001101011110110001011011010010111101011000110011110101001110110101010100100001100111101011
11010110000100101000010110100110101000010111001111000110000011111011110111110110101110110110001111010101110000010111000110001000
10000101100101100010011100010010101111110110011000000010110100100010001101010100101110101110010110111001110011110110010000000100
00110100011101011011111000000100110110010001101111100110101100001110101100111100000110000000010111010001010000101101111000000000
10001010110111100010001111111101001100000100110010011011001010001111011001001100010001101100011111110111101100001111110011011001
10010101100000101101011001000111010110100011110100010000110000101111000111111000111001010001010100000101110100000100100010100001
11100100010111001110001100010100011001111111001100000101001001111001011001100101001010011010111110000011000011101100011110111001
11000110000000001010011110011001101000101110111111110100001101010011011000001100001111111100000101011011001001101110100111100011
11001001011001101011001001111010001000000101011101101010000100110110100001100101111101100010100001011001111100001100010111100100
00000011101000111000100011111000000001101001101011111100001111000001101100001110101110011111111001010110010001100100010110111100
00001001100001100011110111010010011010110101010010010111010010001111100011011010010100101100001000000000101100110111111011010111
11100111101001101101000001110100110111001111101001100010001010001111000100100000010111011001011001000010011011001000001101011001
00000000010001000111000011100100010011101001100111100000100011011110100111010010111000101000110111000111111110110111000111110011
01000010000110000110101001110100010101010100111100110110000000011110010000111101101111100000110000011001100100110010000110001001
10111001001100101111001111101001010000010101010011101111111011110011100001100100001000011011011010001111001011110000001010000110
10111101000001101100010001110001100101101001111011111010001011110101001001011010101010100101011110111110000110010000100101000010
00010111101011010010011101100000111111010000101100111101100111001111111110101110100000110011110101110011111111011000001110111010
01000010010110100100101001111110011100100000100100011010100000100110000101100010100111001101001011010011110101100010100000011011
01110100010110100010101001100011000100110011001000101101100110101010110011011000110000000100110000101010100001100010101100010010
11011011001101100101111100000001011011100110101001001001100111011110000010001000000011001110101001011000001010100001100100100110
00111011101110101100010011010011100110010011010101001000010110100101000010011101011001101101101110100011010101000011111010010011
00101001101011100001010101010111011101001010110101111000110100110100100111000101101101010101000011011000001101010100010100001000
11011011100000001111110010001100101010011001011010011100100010010110100110110010000001100011000110111001110011111111110111110011